Item#	Date_IV	File Name	Obs#	Exp_Flux	Exp_Flux[2]	soilp_c_IV	soilp_m_IV	soilp_t_IV	Observation Length	Exp_R2	Exp_R2[2]	err_IV	
* 1	2022-07-21 14:33:47	4	1	24.8925	-1.53779	1.0842e-19	6.93889e-18	31.7	60	0.996931	0.296791	0	
* 2	2022-07-21 14:35:12	4	2	14.4726	-1.37005	0.001	0.063	31.4	59	0.998405	0.947767	0	
* 3	2022-07-21 14:37:05	2	1	28.1226	-6.34065	0.003	0.122	30.7	60	0.998198	0.989802	0	
* 4	2022-07-21 14:38:30	2	2	16.4455	-2.20416	0.003	0.141	30.7	60	0.99894	0.948411	0	
* 5	2022-07-21 14:40:17	3	1	25.6799	-3.06987	0	0	30.4	59	0.996611	0.992693	0	
* 6	2022-07-21 14:41:42	3	2	11.635	-1.03793	0.0233333	0.301	30.1	60	0.999219	0.978338	0	
* 7	2022-07-21 14:43:31	1	1	21.9675	-1.33598	0.002	0.027	30.1	60	0.997947	0.461343	0	
* 8	2022-07-21 14:44:56	1	2	13.4128	-1.13362	0.013	0.252	29.8	60	0.998608	0.962133	0	
* 9	2022-07-21 14:47:15	5	1	17.8321	-1.94337	0	0	29.5	60	0.998146	0.893078	0	
* 10	2022-07-21 14:48:41	5	2	14.0634	-2.39609	0.012	0.2338	29.56	60	0.998391	0.988159	0	
* 11	2022-07-21 14:50:26	6	1	24.8598	-1.70958	0	0	29.2	60	0.997887	0.590353	0	
* 12	2022-07-21 14:51:51	6	2	12.2134	-1.19513	0.015	0.281	28.9	60	0.998474	0.946951	0	
* 13	2022-07-21 14:53:27	7	1	14.4505	-1.04514	0.016	0.285	28.9	59	0.998433	0.971671	0	
* 14	2022-07-21 14:54:53	7	2	11.9745	-1.02692	0.019	0.329	28.6	60	0.998316	0.964224	0	
* 15	2022-07-21 14:56:45	8	1	28.3729	-5.63375	0.021	0.349333	28.6	60	0.998639	0.998844	0	
* 16	2022-07-21 14:58:09	8	2	17.4606	-3.03908	0.013	0.252	28.6	59	0.998873	0.994077	0	
* 17	2022-07-21 15:00:50	10	1	10.5019	-0.348507	0.033	0.328	28.3	60	0.99929	0.942446	0	
* 18	2022-07-21 15:02:15	10	2	8.64802	-0.285766	0.033	0.329	28.3	60	0.997269	0.551385	0	
* 19	2022-07-21 15:03:50	12	1	10.7348	-0.0945401	0.036	0.398	28.3	60	0.997333	0.684966	0	
* 20	2022-07-21 15:05:14	12	2	6.6084	-0.0289872	0.037	0.398	28.3	60	0.976631	-29.8997	0	
* 21	2022-07-21 15:06:56	9	1	37.6806	-2.71866	0.035	0.343	28.6	60	0.996685	0.988885	0	
* 22	2022-07-21 15:08:21	9	2	14.0522	-0.738272	0.035	0.343	28.6	60	0.989624	-2.19747	0	
* 23	2022-07-21 15:10:02	11	1	10.1722	-0.332074	0.051	0.472	28.6	59	0.993514	0.548495	0	
* 24	2022-07-21 15:11:28	11	2	5.2072	-0.0992024	0.051	0.475	28.3	60	0.995404	0.101819	0	
* 25	2022-07-21 15:13:35	13	1	47.2672	-4.73462	0.002	0.044	28.3	60	0.996372	0.994917	0	
* 26	2022-07-21 15:15:00	13	2	17.7255	-1.28673	0.041	0.391	28	60	0.997937	0.940055	0	
* 27	2022-07-21 15:17:05	14	1	86.823	-3.2013	0.025	0.244	28	60	0.999103	0.997864	0	
* 28	2022-07-21 15:18:30	14	2	26.8701	-0.955282	0.024	0.245	28	60	0.999123	0.0726585	0	
* 29	2022-07-21 15:20:06	15	1	60.069	-2.15463	0.07	0.471	28.3	60	0.997427	0.966106	0	
* 30	2022-07-21 15:21:31	15	2	16.9127	-0.431558	0.07	0.481	28.3	60	0.99806	0.944968	0	
* 31	2022-07-21 15:23:04	16	1	28.7388	-0.289618	0.047	0.394	28.3	60	0.995877	-0.210848	0	
* 32	2022-07-21 15:24:29	16	2	11.5112	-0.206624	0.047	0.373	28.3	60	0.993547	-0.13259	0	
* 33	2022-07-21 15:29:36	17	1	21.4865	-1.29364	0.003	0.039	28.3	60	0.998491	-0.932751	0	
* 34	2022-07-21 15:31:01	17	2	14.2212	-1.3717	0.019	0.28	28.3	60	0.998941	0.854066	0	
* 35	2022-07-21 15:33:08	18	1	50.5008	-3.57433	0.022	0.279	28.6	60	0.994016	0.994465	0	
* 36	2022-07-21 15:34:33	18	2	0	0	0.021	0.282	28.3	60	0	0	0	
* 37	2022-07-21 15:36:45	20	1	17.5114	-0.234844	-0.00245455	-0.00518181	28.3	59	0.995485	0.794003	0	
* 38	2022-07-21 15:38:10	20	2	7.32055	-0.614165	0.044	0.413	28.3	59	0.994998	0.724982	0	
* 39	2022-07-21 15:40:00	19	1	15.2713	-0.27265	0.018	0.287	28	60	0.997146	-0.376942	0	
* 40	2022-07-21 15:41:25	19	2	9.97168	-0.446473	0.019	0.287	28	60	0.996601	-3.73007	0	
* 41	2022-07-21 15:43:45	21	1	32.4605	-1.99973	-0.004	-0.011	27.8	60	0.99903	0.644973	0	
* 42	2022-07-21 15:45:10	21	2	23.2221	-1.69435	0.023	0.303	27.8	60	0.996547	0.985017	0	
* 43	2022-07-21 15:47:12	24	1	7.7969	-0.374912	0.003	0.069	27.8	60	0.997852	0.878141	0	
* 44	2022-07-21 15:48:37	24	2	8.88424	-0.724407	0.025	0.349	27.8	60	0.998447	-156.032	0	
* 45	2022-07-21 15:50:29	22	1	22.769	-3.58564	0.004	0.093	27.8	59	0.997442	0.992058	0	
* 46	2022-07-21 15:51:55	22	2	14.5654	-0.763718	0.032	0.383	27.8	60	0.999045	-2.86307	0	
* 47	2022-07-21 15:53:40	23	1	34.6111	-0.546424	0.032	0.383	27.8	60	0.985435	-1.12005	0	
* 48	2022-07-21 15:55:05	23	2	15.4384	-0.650862	0.04	0.413	27.8	60	0.99886	-36.9341	0	
* 49	2022-07-21 15:57:34	26	1	0	0	0	0	27.8	59	0	0	0	
* 50	2022-07-21 15:58:59	26	2	10.459	-0.523525	0.042	0.389	27.8	59	0.998957	0.969926	0	
* 51	2022-07-21 16:00:35	28	1	21.8798	-0.594563	0.042	0.389	27.8	59	0.995419	0.795593	0	
* 52	2022-07-21 16:02:01	28	2	17.3343	-0.670296	0.021	0.272	27.8	60	0.996879	-2.2985	0	
* 53	2022-07-21 16:04:11	25	1	15.2866	-9.37078	0.049	0.452	27.8	60	0.998358	0.985543	0	
* 54	2022-07-21 16:05:36	25	2	12.1541	-0.197904	0.049	0.452	27.5	60	0.998496	-5.89848	0	
* 55	2022-07-21 16:07:32	27	1	9.21955	-0.242975	0.005	0.095	27.5	60	0.997194	-47.7428	0	
* 56	2022-07-21 16:08:57	27	2	8.35528	-0.435626	0.048	0.41	27.5	60	0.994374	0.742798	0	
* 57	2022-07-21 16:11:08	30	1	0	0	0.044	0.432	27.5	60	0	0	0	
* 58	2022-07-21 16:12:32	30	2	9.13465	-0.122094	0.044	0.432	27.5	59	0.997658	0.777004	0	
* 59	2022-07-21 16:14:16	31	1	12.0329	-0.644123	0.011	0.164	27.5	59	0.99323	0.900332	0	
* 60	2022-07-21 16:15:41	31	2	5.18322	-0.162225	0.037	0.429	27.5	60	0.996826	-13.3131	0	
* 61	2022-07-21 16:17:18	29	1	19.8582	-0.133211	0.012	0.175	27.5	60	0.999176	0.0914644	0	
* 62	2022-07-21 16:18:43	29	2	15.9311	-0.361442	0.0546	0.468	27.5	60	0.999335	-5.22731	0	
* 63	2022-07-21 16:21:00	32	1	19.401	-0.357363	0.03	0.383	27.5	60	0.997603	0.368123	0	
* 64	2022-07-21 16:22:25	32	2	11.885	-0.357935	0.031	0.374	27.5	60	0.997746	-5.38363	0	
* 65	2022-07-21 16:24:59	36	1	14.5644	-0.662799	0.035	0.406	27.5	60	0.998817	-7.67681	0	
* 66	2022-07-21 16:26:24	36	2	11.9844	-0.420643	0.035	0.404	27.5	60	0.997777	-1.34483	0	
* 67	2022-07-21 16:28:25	33	1	0	0	0.011	0.176	27.5	60	0	0	0	
* 68	2022-07-21 16:29:50	33	2	10.2984	-0.195567	0.036	0.425	27.5	60	0.998491	-1.64002	0	
* 69	2022-07-21 16:32:07	34	1	16.5735	-0.381722	0.045	0.454	27.5	59	0.99729	-2.6031	0	
* 70	2022-07-21 16:33:33	34	2	10.9109	-0.281772	0.045	0.452	27.5	60	0.995847	-1.4328	0	
* 71	2022-07-21 16:35:13	35	1	25.6193	-0.751828	0.011	0.174	27.5	60	0.992545	0.971131	0	
* 72	2022-07-21 16:36:38	35	2	11.0157	-0.329375	0.038	0.42	27.5	59	0.994296	0.914844	0	
* 73	2022-07-21 16:39:48	37	1	35.2834	-2.16124	0.0195333	0.242667	27.5	60	0.998055	0.972353	0	
* 74	2022-07-21 16:41:14	37	2	13.3741	-0.481322	0.044	0.441	27.5	60	0.997629	0.890979	0	
* 75	2022-07-21 16:43:16	39	1	12.7462	-0.190445	0.054	0.489	27.5	60	0.993319	-0.80713	0	
* 76	2022-07-21 16:44:41	39	2	6.75159	-0.167086	0.0554	0.4872	27.5	60	0.998605	0.516931	0	
* 77	2022-07-21 16:46:24	38	1	34.2481	-0.593844	0.053	0.492	27.5	60	0.989705	-0.22328	0	
* 78	2022-07-21 16:47:49	38	2	10.7006	-0.419078	0.042	0.446	27.5	59	0.981687	0.933133	0	
* 79	2022-07-21 16:49:18	40	1	15.5403	-0.532333	0.042	0.446	27.5	60	0.99727	-0.0300908	0	
* 80	2022-07-21 16:50:43	40	2	10.2579	-0.364257	0.041	0.446	27.5818	59	0.998362	0.84126	0	
* 81	2022-07-21 16:56:09	43	1	15.0389	-0.49364	0.042	0.435	27.2	60	0.998696	-1.9503	0	
* 82	2022-07-21 16:57:34	43	2	8.2809	-0.326683	0.042	0.438	27.2	59	0.421402	-69.6247	0	
* 83	2022-07-21 16:59:45	44	1	7.66484	-0.285473	0.000333334	0.108667	27.1	60	0.997672	-2.9696	0	
* 84	2022-07-21 17:01:10	44	2	6.98058	-0.294417	0.047	0.455	27.5	60	0.997752	0.918025	0	
* 85	2022-07-21 17:02:55	42	1	15.8725	-0.858533	0.04	0.423	27.2	60	0.997156	-0.26152	0	
* 86	2022-07-21 17:04:19	42	2	0	0	0.041	0.422	27.5	59	0	0	0	
* 87	2022-07-21 17:06:34	41	1	19.297	-0.277677	0.014	0.219	27.5	60	0.997487	0.943512	0	
* 88	2022-07-21 17:07:59	41	2	7.69002	-0.213141	0.044	0.48	27.5	60	0.705757	-6.39329	0	
* 89	2022-07-21 17:11:25	45	1	22.1007	-1.36596	0.043	0.458	27.5	60	0.995017	0.960922	0	
* 90	2022-07-21 17:12:50	45	2	7.68068	-0.176888	0.042	0.458	27.5	60	0.998019	0.49793	0	
* 91	2022-07-21 17:15:06	46	1	29.4598	-1.90659	0.035	0.393	27.5	60	0.995373	0.0482631	0	
* 92	2022-07-21 17:16:31	46	2	15.3111	-1.67001	0.035	0.396	27.5	60	0.998948	0.971832	0	
* 93	2022-07-21 17:18:04	48	1	14.6098	-2.48037	0.041	0.452	27.5	60	0.99206	0.970499	0	
* 94	2022-07-21 17:19:29	48	2	5.84213	-0.145944	0.042	0.451	27.2	60	0.993991	-25.6939	0	
* 95	2022-07-21 17:21:16	47	1	32.3472	-2.1772	0.018	0.267	27.5	60	0.991846	0.991586	0	
* 96	2022-07-21 17:22:40	47	2	11.016	-0.78986	0.04	0.447	27.5	59	0.998474	0.993515	0	