Item#	Date_IV	File Name	Obs#	Exp_Flux	Exp_Flux[2]	soilp_c_IV	soilp_m_IV	soilp_t_IV	Observation Length	Exp_R2	Exp_R2[2]	err_IV	
* 1	2022-02-15 08:59:41	4	1	21.1484	83.0478	0.00186364	0.137773	13.2364	59	0.351034	0.339339	80	
* 2	2022-02-15 09:01:07	4	2	71.9225	2.8075	0.002	0.149	11.2	60	0.319675	-0.906137	17.9333	
* 3	2022-02-15 09:03:09	2	1	0	0	0.003	0.162	9.8	59	0	0	8	
* 4	2022-02-15 09:04:35	2	2	0.276801	-0.577006	0.003	0.17	9.1	60	0.228336	0.941297	0	
* 5	2022-02-15 09:06:14	3	1	0.129133	-0.299556	0	0	8	59	0.0582966	0.912793	0	
* 6	2022-02-15 09:07:40	3	2	0.297076	-0.412527	0.003	0.181	7.5	59	0.172297	0.956058	0	
* 7	2022-02-15 09:09:41	1	1	0.330589	-0.570199	0.003	0.179	6.7	60	0.232459	0.753529	0	
* 8	2022-02-15 09:11:07	1	2	0.387477	-0.485183	0.001	0.094	6.7	59	0.378727	0.750776	0	
* 9	2022-02-15 09:13:21	5	1	0.931292	-1.58276	0	0	6.1	60	0.742247	0.976263	0	
* 10	2022-02-15 09:14:47	5	2	0.743589	-1.20329	-0.0002	0.0786	5.78	60	0.558373	0.994116	0	
* 11	2022-02-15 09:16:49	6	1	0.469561	-0.429788	0.00413636	0.109318	4.81818	59	0.404654	0.491286	0	
* 12	2022-02-15 09:18:15	6	2	0.586097	-0.500869	0	0.017	4.6	59	0.564086	0.891215	0	
* 13	2022-02-15 09:20:34	7	1	0.404636	-0.420271	0.001	0.041	4.1	60	0.378037	0.829958	0	
* 14	2022-02-15 09:21:59	7	2	0.081026	-1.13161	0	0.057	3.9	59	-1.2112	0.898351	0	
* 15	2022-02-15 09:23:35	8	1	0.563864	-1.04604	0.001	0.021	3.7	60	0.537661	0.654641	0	
* 16	2022-02-15 09:25:01	8	2	0	0	0.001	0.037	3.5	59	0	0	0	
* 17	2022-02-15 09:29:44	10	1	0.737144	-0.227742	-0.00304819	-0.0149639	3.02771	59	0.669168	0.816605	0	
* 18	2022-02-15 09:31:10	10	2	0.68976	-0.159264	0.011	0.068	2.7	59	0.663075	0.639267	0	
* 19	2022-02-15 09:33:02	12	1	0.609982	-0.208001	0	0.016	2.3	60	0.650025	0.877	0	
* 20	2022-02-15 09:34:27	12	2	0	0	0.001	0.033	2.2	59	0	0	0	
* 21	2022-02-15 09:38:41	9	1	0.705621	-0.319806	0.001	0.0428182	2.01364	59	0.533864	0.928244	0	
* 22	2022-02-15 09:40:07	9	2	0.693083	-0.417297	0.001	0.005	1.7	59	0.584001	0.750679	0	
* 23	2022-02-15 09:43:16	11	1	0.416758	-0.1302	0	0	1.5	59	0.437521	-1.55937	0	
* 24	2022-02-15 09:44:43	11	2	0.405086	-0.345249	0	0.0305	1.7	60	0.370325	0.518235	0	
* 25	2022-02-15 09:50:28	14	1	1.30474	-0.615428	0.001	0.022	1.7	59	0.689162	0.963014	0	
* 26	2022-02-15 09:51:54	14	2	1.08506	-1.03767	0.001	0.026	1.6	59	0.691321	0.962117	0	
* 27	2022-02-15 09:53:46	15	1	0.492515	-0.367351	0.001	0.0280455	1.6	59	0.379545	0.903819	0	
* 28	2022-02-15 09:55:11	15	2	0.402067	-0.431806	0.001	0.009	1.6	59	0.38213	0.734854	0	
* 29	2022-02-15 09:57:59	16	1	0.763112	-0.62003	0	0.009	1.6	60	0.508365	0.870166	0	
* 30	2022-02-15 09:59:24	16	2	0.566805	-0.143395	0	0.017	1.8	59	0.554905	0.682943	0	
* 31	2022-02-15 10:04:05	17	1	2.71228	-2.15383	0	0.019	1.9	59	0.922141	0.987804	0	
* 32	2022-02-15 10:05:30	17	2	1.09551	-1.37959	0	0.022	1.8	59	0.772681	0.966018	0	
* 33	2022-02-15 10:07:24	18	1	0	0	0	0	1.6	60	0	0	0	
* 34	2022-02-15 10:08:50	18	2	0.820056	-0.591569	0.0158636	0.077	1.76818	59	0.718162	0.848554	0	
* 35	2022-02-15 10:10:56	20	1	0.594988	-0.207078	0.022	0.165	2	59	0.615887	0.733761	0	
* 36	2022-02-15 10:12:22	20	2	0.835428	-0.235442	0.022	0.173	2	60	0.601211	0.783997	0	
* 37	2022-02-15 10:14:05	19	1	0	0	0	0	1.9	59	0	0	0	
* 38	2022-02-15 10:15:31	19	2	0.283788	-2.39642	0	0.004	2.1	59	0.278069	0.00176036	0	
* 39	2022-02-15 10:17:41	21	1	0.462638	-0.836608	0	-0.00204545	1.91364	59	0.412963	0.821098	0	
* 40	2022-02-15 10:19:07	21	2	0	0	0	0.014	1.7	60	0	0	0	
* 41	2022-02-15 10:20:53	24	1	0.672801	-0.251004	0	0.002	1.8	59	0.677631	0.861751	0	
* 42	2022-02-15 10:22:19	24	2	0.917626	-0.276049	0	0.009	1.9	59	0.667784	-0.287519	0	
* 43	2022-02-15 10:24:42	23	1	0.799388	-0.373487	0	0.0142	1.92	60	0.763363	0.148541	0	
* 44	2022-02-15 10:26:08	23	2	0	0	0	0.009	1.8	60	0	0	0	
* 45	2022-02-15 10:28:07	22	1	1.74511	-0.894629	0	0	1.7	59	0.818173	0.962496	0	
* 46	2022-02-15 10:29:33	22	2	0.95398	-0.418349	0	0.002	2	59	0.815891	0.655722	0	
* 47	2022-02-15 10:32:38	25	1	0.947872	-0.292012	0	0	2.2	59	0.841747	0.821662	0	
* 48	2022-02-15 10:34:05	25	2	0	0	0.026	0.13	2.9	60	0	0	0	
* 49	2022-02-15 10:36:19	26	1	1.76913	-0.430856	0	0	2.8	59	0.933264	0.940474	0	
* 50	2022-02-15 10:37:45	26	2	1.3854	-0.311366	0	0.00563636	2.9	59	0.876593	0.912825	0	
* 51	2022-02-15 10:39:45	28	1	8.07546	-0.428872	-0.00613636	-0.0173636	2.77727	59	0.955669	-0.975863	0	
* 52	2022-02-15 10:41:11	28	2	1.61502	-0.329216	0.008	0	2.9	59	0.914821	0.471249	0	
* 53	2022-02-15 10:43:30	27	1	0.894537	-0.192015	0	0	2.6	60	0.748459	0.131523	0	
* 54	2022-02-15 10:44:55	27	2	1.02209	-0.19441	0.005	0.009	2.4	59	0.808951	0.686653	0	
* 55	2022-02-15 10:47:05	29	1	0.676536	-0.174508	0.014	0.026	2.2	59	0.620121	0.205342	0	
* 56	2022-02-15 10:48:31	29	2	0.573898	-0.141618	0.008	0.012	2.4	59	0.652238	0.190342	0	
* 57	2022-02-15 10:52:10	31	1	0.535255	-0.10545	0.03	0.188	2.9	59	0.572466	0.499171	0	
* 58	2022-02-15 10:53:36	31	2	0.382579	-0.078797	0.017	0.267	3.1	59	0.223513	0.469889	0	
* 59	2022-02-15 10:55:41	32	1	0	0	0.009	0.023	3	60	0	0	0	
* 60	2022-02-15 10:57:06	32	2	0.622882	-0.135615	0.002	0	3.2	59	0.717644	0.653746	0	
* 61	2022-02-15 10:59:52	29	1	1.29601	-0.17901	0.003	0.01	3.1	59	0.912935	0.729537	0	
* 62	2022-02-15 11:01:17	29	2	1.12629	-0.212664	0.029	0.153	2.9	59	0.875724	0.872359	0	
* 63	2022-02-15 11:03:56	34	1	1.85782	-0.337907	0.001	0.009	2.8	60	0.82582	-0.228021	0	
* 64	2022-02-15 11:05:21	34	2	0.92827	-4.34597	0.001	0.013	2.7	59	0.817225	0.000426293	0	
* 65	2022-02-15 11:07:26	36	1	1.11675	-0.365168	0	0	2.4	59	0.850117	0.89858	0	
* 66	2022-02-15 11:08:52	36	2	0.891686	-0.275548	0.002	0	2.5	59	0.876396	0.182958	0	
* 67	2022-02-15 11:10:46	35	1	0.610315	-0.101754	0.00227273	-0.000545455	2.48636	59	0.703986	0.521402	0	
* 68	2022-02-15 11:12:12	35	2	0.630778	-0.09057	0	0.006	2.6	60	0.623666	0.377092	0	
* 69	2022-02-15 11:13:59	33	1	0	0	0	0	2.6	60	0	0	0	
* 70	2022-02-15 11:15:25	33	2	0.835702	-0.191331	0	0	2.7	59	0.760727	0.775624	0	
* 71	2022-02-15 11:17:39	37	1	0.83758	-0.325749	0	0	2.9	59	0.777547	0.580905	0	
* 72	2022-02-15 11:19:05	37	2	0.685504	-0.287978	0	0.002	2.9	60	0.815257	0.897267	0	
* 73	2022-02-15 11:20:46	39	1	0.551223	-0.160204	0	0.00454545	2.9	59	0.607302	0.808608	0	
* 74	2022-02-15 11:22:12	39	2	0.57732	-0.183971	0	0	3.2	59	0.60077	0.506222	0	
* 75	2022-02-15 11:24:10	40	1	0.411655	-0.266695	0	0.006	3.1	60	0.581645	0.877835	0	
* 76	2022-02-15 11:25:35	40	2	0.528865	-0.239007	0	0.002	3	59	0.589893	0.817511	0	
* 77	2022-02-15 11:27:52	38	1	0.50204	-0.206001	0	0	2.9	59	0.50133	0.787236	0	
* 78	2022-02-15 11:29:19	38	2	0.361121	-0.251918	0	0	2.9	60	0.498145	0.862609	0	
* 79	2022-02-15 11:31:49	43	1	0.211821	-0.138967	0	0	3.11333	60	0.322339	0.634634	0	
* 80	2022-02-15 11:33:14	43	2	0	0	0	0	3.9	59	0	0	0	
* 81	2022-02-15 11:35:09	44	1	0.808495	-0.493491	0	0	4.2	59	0.684137	0.911857	0	
* 82	2022-02-15 11:36:34	44	2	0.4795	-0.177004	0	0	4.5	59	0.640312	0.822664	0	
* 83	2022-02-15 11:38:47	42	1	0.651999	-0.414882	0	0	4.2	59	0.619103	0.876435	0	
* 84	2022-02-15 11:40:13	42	2	0.435172	-0.334465	0	0	4	60	0.449364	-0.0356334	0	
* 85	2022-02-15 11:42:20	41	1	0.578001	-0.510595	0	0	3.7	59	0.664565	0.865862	0	
* 86	2022-02-15 11:43:45	41	2	0.46434	-0.223879	0	0	3.83182	59	0.643288	0.869127	0	
* 87	2022-02-15 11:46:05	45	1	0.331603	-0.0992782	0	0	4.6	59	0.340989	0.418291	0	
* 88	2022-02-15 11:47:31	45	2	0.35332	-0.0890702	0	0	4.7	60	0.512655	0.586988	0	
* 89	2022-02-15 11:49:39	46	1	0.688378	-0.482966	0	0	4.6	60	0.783944	0.972048	0	
* 90	2022-02-15 11:51:05	46	2	0.735318	-0.588821	0	0	4.3	59	0.789212	0.979184	0	
* 91	2022-02-15 11:52:59	48	1	0.403822	-5.15396	0	0	4.1	59	0.473478	0.00485047	0	
* 92	2022-02-15 11:54:24	48	2	0.49383	-0.304721	0	0	4	59	0.596127	0.862614	0	
* 93	2022-02-15 11:56:23	47	1	0.667802	-0.22403	0	0	3.8	60	0.644069	0.774091	0	
* 94	2022-02-15 11:57:48	47	2	0.660135	-0.279125	0	0	3.68182	59	0.714981	0.924433	0	
