Item#	Date_IV	File Name	Obs#	Exp_Flux	Exp_Flux[2]	soilp_c_IV	soilp_m_IV	soilp_t_IV	Observation Length	Exp_R2	Exp_R2[2]	err_IV	
* 1	2021-03-25 11:46:01	48	1	110.918	1513.98	0	0	18	60	0.00520451	0.487081	143	
* 2	2021-03-25 11:47:26	48	2	29.0775	-11.4735	0.024	0.383	17.7	60	0.697838	0.872721	16	
* 3	2021-03-25 11:49:51	47	1	3.63153	-8.75086	0.029	0.447	16.7	60	0.857426	0.592489	80	
* 4	2021-03-25 11:51:17	47	2	-3.11156	-24.553	0.029	0.446	16.5	60	0.741279	0.98043	80	
* 5	2021-03-25 11:53:19	46	1	-5.05691	-35.1409	0.014	0.301	16.3	60	0.980524	0.984093	112	
* 6	2021-03-25 11:54:44	46	2	65.8407	249.818	0.028	0.483	16.3	60	0.535802	0.738349	112	
* 7	2021-03-25 11:59:08	45	1	0	0	0.035	0.478	16	60	0	0	16	
* 8	2021-03-25 12:00:33	45	2	1.5433	0.177337	0.036	0.475	16	60	0.864953	0.551791	0	
* 9	2021-03-25 12:03:18	42	1	0	0	0.005	0.132	16	60	0	0	0	
* 10	2021-03-25 12:04:44	42	2	1.84519	-0.11764	0.042	0.412	16.2	60	0.901729	-0.392619	0	
* 11	2021-03-25 12:07:09	43	1	1.41227	0.0233986	0.036	0.469	16.7	59	0.772809	-0.0632899	0	
* 12	2021-03-25 12:08:35	43	2	1.23578	0.038468	0.034	0.471	16.8	60	0.788722	0.0797417	0	
* 13	2021-03-25 12:11:22	41	1	4.1009	-0.184826	0.032	0.426	16.7	60	0.963208	0.777408	0	
* 14	2021-03-25 12:12:48	41	2	3.12733	-0.197427	0.032	0.428	16.7	60	0.765448	0.482095	0	
* 15	2021-03-25 12:16:19	38	1	1.74156	0.0160812	0.012	0.292	16.8	60	0.834085	-0.791513	0	
* 16	2021-03-25 12:17:44	38	2	1.63152	-0.0323877	0.012	0.299	16.7	60	0.843522	-0.918501	0	
* 17	2021-03-25 12:20:28	40	1	1.05727	-0.0594991	0.012	0.305	16.3	60	0.425418	0.171932	0	
* 18	2021-03-25 12:21:50	40	2	-0.194777	-0.00644759	0.028	0.468	16.2	60	-0.908791	-1.64898	0	
* 19	2021-03-25 12:24:37	39	1	2.31625	0.0319056	0.001	0.004	16	60	0.818231	-0.704535	0	
* 20	2021-03-25 12:26:02	39	2	1.27414	-0.00363741	0.033	0.428	16.2	60	0.807602	-0.86757	0	
* 21	2021-03-25 12:28:17	37	1	2.67208	-0.00159569	0.001	0.015	16.2	60	0.917342	-4.55488	0	
* 22	2021-03-25 12:29:43	37	2	2.2131	-0.00842417	0.036	0.495	16.26	60	0.887397	-0.499337	0	
* 23	2021-03-25 12:37:04	33	1	3.44744	0.355994	0.019	0.384	16.3	60	0.922849	0.0892199	0	
* 24	2021-03-25 12:38:29	33	2	2.75835	0.0319523	0.031	0.482	16.8	60	0.925428	-1.27611	0	
* 25	2021-03-25 12:40:54	35	1	3.96781	0.101871	0.038	0.489	16.7	60	0.956961	0.555737	0	
* 26	2021-03-25 12:42:19	35	2	2.77099	0.104338	0.037	0.49	16.8	60	0.838432	0.48876	0	
* 27	2021-03-25 12:44:27	34	1	4.90436	-0.0396315	0.001	0.008	16.8	60	0.967563	0.108403	0	
* 28	2021-03-25 12:45:52	34	2	2.55922	0.0476213	0.033	0.447	16.8	60	0.948357	-3.18644	0	
* 29	2021-03-25 12:48:03	36	1	1.76991	0.0167949	0.025	0.446	16.8	60	0.877327	-12.9614	0	
* 30	2021-03-25 12:49:28	36	2	0	0	0.024	0.452	17	60	0	0	0	
* 31	2021-03-25 13:43:48	31	1	2.45358	0.123793	0.029	0.47	16.2	60	0.879174	0.308301	0	
* 32	2021-03-25 13:45:13	31	2	2.13675	0.147378	0.029	0.47	16.3	60	0.913007	0.479403	0	
* 33	2021-03-25 13:47:14	29	1	1.95784	0.0524186	0.002	0.018	16.3	60	0.898655	0.0716041	0	
* 34	2021-03-25 13:48:39	29	2	1.89911	0.0307078	0.0384545	0.531273	16.2	59	0.90276	0.0171658	0	
* 35	2021-03-25 13:51:01	30	1	1.53988	0.0208287	0.033	0.496	16.2	60	0.738241	0.0353487	0	
* 36	2021-03-25 13:52:26	30	2	1.21571	0.0263674	0.032	0.499	16.2	60	0.823723	0.017895	0	
* 37	2021-03-25 13:55:09	27	1	2.65122	-0.0218355	0.034	0.451	16.2	60	0.810972	0.0264722	0	
* 38	2021-03-25 13:56:34	27	2	1.44703	-0.00503866	0.033	0.457	16.3	60	0.831215	-0.0396628	0	
* 39	2021-03-25 13:58:29	25	1	4.82182	-0.18589	0.033	0.458	16.3	60	0.986163	0.714684	0	
* 40	2021-03-25 13:59:55	25	2	0	0	0.027	0.431	16.8	60	0	0	0	
* 41	2021-03-25 14:02:22	28	1	5.15314	-0.250787	0.002	0.03	16.8	60	0.924719	0.842423	0	
* 42	2021-03-25 14:03:48	28	2	6.3028	-0.327964	0.029	0.421	16.8	60	0.536136	0.62465	0	
* 43	2021-03-25 14:05:44	26	1	2.86883	0.0268562	0.029	0.421	16.8	60	0.907208	0.0168914	0	
* 44	2021-03-25 14:07:10	26	2	2.50043	-0.00904004	0.028	0.47	17	60	0.81633	-3.83359	0	
* 45	2021-03-25 14:09:27	22	1	1.99484	-0.0471989	0.003	0.035	16.8	60	0.92618	0.166421	0	
* 46	2021-03-25 14:10:53	22	2	2.44702	-0.0661032	0.029	0.461	17	60	0.953115	0.274346	0	
* 47	2021-03-25 14:12:53	23	1	4.93209	-0.218676	0.027	0.465	17.2	59	0.97948	0.784637	0	
* 48	2021-03-25 14:14:20	23	2	2.90116	-0.129519	0.027	0.471	17.3	60	0.974334	0.667798	0	
* 49	2021-03-25 14:16:21	21	1	6.71062	-0.619131	0.003	0.041	17.3	60	0.949347	0.975448	0	
* 50	2021-03-25 14:17:46	21	2	5.62023	-0.531502	0.0166	0.3766	17.7	60	0.992685	0.951428	0	
* 51	2021-03-25 14:20:05	24	1	5.15579	-0.211688	0.024	0.471	17.7	59	0.985122	0.510347	0	
* 52	2021-03-25 14:21:31	24	2	2.90052	-0.12519	0.024	0.471	17.7	60	-0.126415	0.583156	0	
* 53	2021-03-25 14:23:44	20	1	3.94789	-0.185662	0.012	0.29	17.5	60	0.983709	0.780969	0	
* 54	2021-03-25 14:25:09	20	2	5.53904	-0.575962	0.025	0.458	17.7	60	0.992233	0.898958	0	
* 55	2021-03-25 14:27:17	19	1	1.26892	-0.00415112	0.003	0.052	17.5	60	0.878517	-0.458347	0	
* 56	2021-03-25 14:28:43	19	2	1.7958	-0.0300059	0.021	0.42	17.74	60	0.916679	-8.68374	0	
* 57	2021-03-25 14:31:42	18	1	0	0	-0.002	-0.0803333	17.4333	60	0	0	0	
* 58	2021-03-25 14:33:07	18	2	3.68098	-0.408427	0.017	0.432	17.7	60	0.756651	-9.83474	0	
* 59	2021-03-25 14:35:36	17	1	4.10575	-0.45026	0.003	0.055	17.5	60	0.959488	0.26697	0	
* 60	2021-03-25 14:37:02	17	2	4.14148	-0.441569	0.015	0.3	18	60	0.90317	0.776473	0	
* 61	2021-03-25 14:42:54	16	1	2.14413	-0.00950582	0.04	0.488	17.5	60	0.903601	-3.81625	0	
* 62	2021-03-25 14:44:19	16	2	0	0	0.041	0.488	17.5	59	0	0	0	
* 63	2021-03-25 14:47:06	15	1	6.07912	-0.18042	0.045	0.521	17.2	60	0.953289	0.84624	0	
* 64	2021-03-25 14:48:31	15	2	3.84735	-0.265857	0.047	0.521	17.2	60	0.936002	0.772759	0	
* 65	2021-03-25 14:50:40	14	1	3.66825	-0.215106	0.0502	0.572	16.8	60	0.980003	0.734052	0	
* 66	2021-03-25 14:52:06	14	2	0	0	0.031	0.421	17	60	0	0	0	
* 67	2021-03-25 14:54:54	13	1	2.22851	-0.433938	0.023	0.378	17.5	60	0.60051	0.220266	0	
* 68	2021-03-25 14:56:20	13	2	3.19411	-0.725815	0.022	0.382	17.7	60	0.375394	0.979605	0	
* 69	2021-03-25 14:59:16	11	1	1.27782	-0.0452815	0.003	0.065	18	60	0.896784	-5.55915	0	
* 70	2021-03-25 15:00:41	11	2	1.57446	-0.142066	0.0234	0.3522	18.28	60	0.858349	0.734455	0	
* 71	2021-03-25 15:02:55	12	1	1.78016	-0.0959649	0.021	0.396	17.9	60	0.60236	0.511722	0	
* 72	2021-03-25 15:04:20	12	2	2.03287	-0.100084	0.022	0.397	17.9	60	0.844504	0.520217	0	
* 73	2021-03-25 15:06:22	9	1	1.68982	-0.125376	0.003	0.066	17.9	60	0.807495	0.680371	0	
* 74	2021-03-25 15:07:48	9	2	2.6104	-0.181193	0.031	0.439	17.9	60	0.844059	0.779327	0	
* 75	2021-03-25 15:10:08	10	1	1.57027	-0.0417267	0.046	0.511	17.7	60	-0.081291	-0.438267	0	
* 76	2021-03-25 15:11:34	10	2	2.2349	-0.0963041	0.046	0.511	17.5	60	0.68383	-0.358451	0	
* 77	2021-03-25 15:14:35	5	1	5.76767	-1.20392	0.004	0.067	17.2	60	0.660213	0.602932	0	
* 78	2021-03-25 15:16:00	5	2	9.95697	-1.97856	0.015	0.349	17.2	60	0.89403	0.986322	0	
* 79	2021-03-25 15:18:07	8	1	2.83983	-0.874314	0.004	0.071	17.3	60	0.688546	0.611103	0	
* 80	2021-03-25 15:19:33	8	2	0	0	0.012	0.372	17.5	60	0	0	0	
* 81	2021-03-25 15:22:16	7	1	1.52905	-0.207744	0.003	0.068	17.3	60	0.909632	-0.00120087	0	
* 82	2021-03-25 15:23:41	7	2	2.43462	-0.505771	0.0194	0.4432	17.2	60	0.966437	0.95953	0	
* 83	2021-03-25 15:25:34	6	1	1.81806	-0.119124	0.019	0.447	17.2	60	0.846727	0.562964	0	
* 84	2021-03-25 15:26:59	6	2	2.63485	-0.229496	0.02	0.455	17.2	60	0.683037	0.781687	0	
* 85	2021-03-25 15:29:47	4	1	4.54576	-0.328603	0.012	0.357	17.5	60	0.972267	-1.18709	0	
* 86	2021-03-25 15:31:12	4	2	3.6865	-0.34591	0.012	0.357	17.7	60	0.976225	0.935275	0	
* 87	2021-03-25 15:33:20	2	1	3.21887	-0.282431	0.003	0.066	17.7	60	0.951562	0.615443	0	
* 88	2021-03-25 15:34:45	2	2	5.33811	-0.51654	0.019	0.424	17.8467	60	0.819508	0.962336	0	
* 89	2021-03-25 15:36:53	3	1	1.68671	-0.138169	0.02	0.459	17.7	60	0.781115	0.632919	0	
* 90	2021-03-25 15:38:18	3	2	2.81136	-0.239972	0.02	0.462	17.7	60	0.936352	0.109171	0	
* 91	2021-03-25 15:40:35	1	1	0	0	0.019	0.464	17.5	60	0	0	0	
* 92	2021-03-25 15:42:00	1	2	4.21628	-0.952578	0.02	0.432	17.9	60	0.712485	0.957376	0	
