Item#	Date_IV	File Name	Obs#	Exp_Flux	Exp_Flux[2]	soilp_c_IV	soilp_m_IV	soilp_t_IV	Observation Length	Exp_R2	Exp_R2[2]	err_IV	
* 1	2021-06-21 11:12:37	4	1	16.6719	-1.54511	0.011	0.313	27.8	59	0.997452	0.909842	0	
* 2	2021-06-21 11:14:04	4	2	11.4252	-1.39411	0.011	0.313	27.5	60	0.974539	0.985591	0	
* 3	2021-06-21 11:16:14	2	1	23.5523	-3.9742	0.011	0.317	27.2	60	0.996971	0.931106	0	
* 4	2021-06-21 11:17:40	2	2	18.9844	-3.34888	0.023	0.242	27.2	60	0.81625	0.824923	0	
* 5	2021-06-21 11:19:38	3	1	15.0471	-1.68963	0.011	0.264	26.9	60	0.97435	0.939037	0	
* 6	2021-06-21 11:21:04	3	2	0	0	0.011	0.263	26.9	59	0	0	0	
* 7	2021-06-21 11:23:37	1	1	19.562	-2.40838	0.009	0.181	26.9	60	0.987942	0.991059	0	
* 8	2021-06-21 11:25:02	1	2	22.5257	-2.71723	0.009	0.18	26.9	60	0.610444	0.640473	0	
* 9	2021-06-21 11:27:44	5	1	29.6842	-5.04844	0	0	26.7	60	0.99816	0.990875	0	
* 10	2021-06-21 11:29:10	5	2	0	0	0.0074	0.1892	26.98	60	0	0	0	
* 11	2021-06-21 11:31:10	8	1	13.7467	-2.16721	0.0052	0.1636	26.7	60	0.994327	0.99273	0	
* 12	2021-06-21 11:32:35	8	2	15.1669	-2.38921	0.009	0.264	26.7	59	0.375368	0.0854333	0	
* 13	2021-06-21 11:34:38	6	1	18.5115	-1.66619	0.016	0.327	26.7	59	0.928539	0.953505	0	
* 14	2021-06-21 11:36:04	6	2	27.5632	-2.24193	0.015	0.331	26.7	60	0.698958	0.601413	0	
* 15	2021-06-21 11:37:50	7	1	13.9563	-1.33358	0.015	0.332	26.7	60	0.996331	0.992198	0	
* 16	2021-06-21 11:39:16	7	2	14.3839	-3.10338	0.0064	0.2312	26.52	60	0.901947	0.843103	0	
* 17	2021-06-21 11:42:02	10	1	16.707	-0.721695	0	0	26.4	60	0.983462	0.875694	0	
* 18	2021-06-21 11:43:27	10	2	11.04	-0.472411	0.037	0.377	26.9	60	0.996431	0.889609	0	
* 19	2021-06-21 11:45:27	12	1	7.73461	0.0154275	0.022	0.335	27.2	60	0.989566	-0.67943	0	
* 20	2021-06-21 11:46:52	12	2	9.22325	0.0326223	0.022	0.338	27.5	60	0.818302	0.0921168	0	
* 21	2021-06-21 11:48:57	9	1	20.0222	-1.83346	0	0	28	60	0.832905	0.839232	0	
* 22	2021-06-21 11:50:23	9	2	0	0	0.035	0.373	28	60	0	0	0	
* 23	2021-06-21 11:52:44	11	1	7.35826	-0.154497	0	0	28	60	0.976478	0.497586	0	
* 24	2021-06-21 11:54:10	11	2	3.54575	-0.137954	0.0384	0.4176	28.08	60	0.978706	0.335216	0	
* 25	2021-06-21 11:59:28	13	1	17.6721	-2.1881	0.008	0.125	27.8	60	0.873963	0.847218	0	
* 26	2021-06-21 12:00:54	13	2	19.2459	-2.47584	0.008	0.125	27.8	60	0.875347	0.847288	0	
* 27	2021-06-21 12:03:08	14	1	15.7233	-1.4905	-0.00613636	-0.0677273	28	59	0.681759	0.681093	0	
* 28	2021-06-21 12:04:34	14	2	0	0	0.028	0.297	28	60	0	0	0	
* 29	2021-06-21 12:06:56	15	1	36.4627	-2.62039	0.001	0.021	27.8	60	0.997363	0.985334	0	
* 30	2021-06-21 12:08:22	15	2	16.5014	-0.37085	0.061	0.507	28	60	0.99441	0.802806	0	
* 31	2021-06-21 12:10:42	16	1	7.36836	-0.0656775	0	0	27.8	59	0.990534	-1.46996	0	
* 32	2021-06-21 12:12:08	16	2	6.40483	-0.0145082	0.0622727	0.523455	27.8	60	0.98982	-11.9217	0	
* 33	2021-06-21 12:17:19	17	1	32.6641	-4.00752	0.014	0.246	27.5	60	0.99695	0.996227	0	
* 34	2021-06-21 12:18:44	17	2	17.6172	-2.01061	0.014	0.248	27.5	60	0.998411	0.944267	0	
* 35	2021-06-21 12:22:11	18	1	17.851	-1.99887	0.0135455	0.233227	27.5	59	0.997809	0.940078	0	
* 36	2021-06-21 12:23:38	18	2	17.774	-2.5728	0.015	0.315	27.5	60	0.99471	0.97913	0	
* 37	2021-06-21 12:26:12	20	1	37.259	-1.77706	0.0116667	0.279333	27.1	60	0.500567	0.569	0	
* 38	2021-06-21 12:27:38	20	2	51.2488	-2.21295	0.028	0.425	27.2	60	0.762063	0.805825	0	
* 39	2021-06-21 12:30:02	19	1	6.65439	-0.450466	0.029	0.423	26.9	60	0.852689	0.943237	0	
* 40	2021-06-21 12:31:27	19	2	8.30293	-0.583432	0.022	0.381	26.9	60	0.868885	-0.190523	0	
* 41	2021-06-21 12:35:03	24	1	21.4459	-1.65768	0.001	0	26.7	59	0.830305	0.960147	0	
* 42	2021-06-21 12:36:29	24	2	21.7802	-1.54354	0.019	0.353	26.7	60	0.678698	0.84738	0	
* 43	2021-06-21 12:38:25	21	1	23.672	-2.8323	0.015	0.283	26.7	59	0.993321	0.464709	0	
* 44	2021-06-21 12:39:52	21	2	14.7337	-2.57402	0.014	0.286	26.7	60	0.98145	0.874281	0	
* 45	2021-06-21 12:42:21	23	1	16.9727	-0.651354	0.022	0.384	26.4	60	0.948081	0.918184	0	
* 46	2021-06-21 12:43:46	23	2	18.1546	-0.498663	0.022	0.384	26.4	60	0.856175	-1.09892	0	
* 47	2021-06-21 12:46:02	22	1	27.0269	-0.847085	0.022	0.384	26.4	60	0.992916	0.946822	0	
* 48	2021-06-21 12:47:28	22	2	0	0	0.026	0.391	26.4	60	0	0	0	
* 49	2021-06-21 12:49:57	28	1	28.0011	-0.837336	0.003	0.052	26.2	60	0.63446	-6.31509	0	
* 50	2021-06-21 12:51:22	28	2	38.7625	-1.33972	0.032	0.425	26.4	60	0.152934	-7.02071	0	
* 51	2021-06-21 12:53:56	25	1	15.9367	-0.335095	0.019	0.304	26.4	60	0.981489	0.691878	0	
* 52	2021-06-21 12:55:21	25	2	17.0891	-0.522318	0.019	0.305	26.4	59	0.458923	0.597744	0	
* 53	2021-06-21 12:57:51	26	1	23.1678	-0.543125	0.001	0.002	26.4	60	0.9939	-1.47932	0	
* 54	2021-06-21 12:59:16	26	2	0	0	0.0276	0.3884	26.4	60	0	0	0	
* 55	2021-06-21 13:01:37	27	1	12.4674	3.81054	0.049	0.461	26.4	60	0.972484	0.822279	0	
* 56	2021-06-21 13:03:02	27	2	10.6555	5.31861	0.05	0.461	26.4	59	0.85994	0.387849	0	
* 57	2021-06-21 13:05:23	30	1	0	0	0.031	0.434	26.4	60	0	0	0	
* 58	2021-06-21 13:06:48	30	2	18.1243	-0.831048	0.031	0.434	26.4	59	0.762429	0.677242	0	
* 59	2021-06-21 13:09:10	31	1	6.71344	-1.11232	0.0314	0.4324	26.12	60	0.971048	0.167514	0	
* 60	2021-06-21 13:10:36	31	2	8.4167	-0.303386	0.029	0.441	26.4	60	0.950176	0.795551	0	
* 61	2021-06-21 13:12:54	29	1	35.9974	-1.54578	0.005	0.111	26.2	60	0.850358	0.863123	0	
* 62	2021-06-21 13:14:19	29	2	41.6109	-1.75366	0.031	0.425	26.4	60	0.800774	0.823355	0	
* 63	2021-06-21 13:16:17	32	1	8.62646	-0.358724	0.0245455	0.421182	26.2	60	0.987892	0.813483	0	
* 64	2021-06-21 13:17:42	32	2	7.03005	-0.278576	0.021	0.421	26.2	60	0.98034	0.62109	0	
* 65	2021-06-21 13:20:30	36	1	15.1979	-0.802319	0.035	0.471	26.7	59	0.994411	0.880339	0	
* 66	2021-06-21 13:21:56	36	2	10.6189	-0.789421	0.035	0.471	26.7	60	0.751478	0.858	0	
* 67	2021-06-21 13:24:10	34	1	27.2193	-0.933226	-0.0048	-0.0394	26.4	60	0.996757	0.942336	0	
* 68	2021-06-21 13:25:35	34	2	0	0	0.027	0.381	26.7	59	0	0	0	
* 69	2021-06-21 13:27:58	35	1	7.0721	0.815525	0.027	0.38	26.4	60	0.962094	0.800305	0	
* 70	2021-06-21 13:29:23	35	2	7.57117	1.20064	0.038	0.48	26.7	59	0.472568	0.440565	0	
* 71	2021-06-21 13:31:29	33	1	23.162	-1.36158	0.029	0.401	26.4	59	0.832485	0.735601	0	
* 72	2021-06-21 13:32:55	33	2	25.8546	-1.59683	0.028	0.404	26.7	60	0.822927	0.789488	0	
* 73	2021-06-21 13:35:39	37	1	30.0249	-2.76935	0.027	0.35	26.7	60	0.980546	0.98813	0	
* 74	2021-06-21 13:37:05	37	2	26.5221	-2.33673	0.026	0.353	26.7	60	0.968501	0.979852	0	
* 75	2021-06-21 13:39:25	39	1	80.3063	-3.86591	0.038	0.43	26.7	60	0.44834	0.499744	0	
* 76	2021-06-21 13:40:51	39	2	78.578	-3.86456	0.04	0.43	26.9	60	0.65074	0.581262	0	
* 77	2021-06-21 13:43:14	38	1	26.1919	-0.847627	0.04	0.431	26.9	60	0.995165	0.411594	0	
* 78	2021-06-21 13:44:39	38	2	0	0	0.026	0.38	26.7	59	0	0	0	
* 79	2021-06-21 13:46:31	40	1	26.5099	-1.96148	0.032	0.42	26.4	60	0.997092	0.990908	0	
* 80	2021-06-21 13:47:56	40	2	0	0	0.032	0.42	26.4	60	0	0	0	
* 81	2021-06-21 13:53:59	43	1	17.7778	-1.21357	0.028	0.369	26.7	60	0.977962	0.933298	0	
* 82	2021-06-21 13:55:25	43	2	21.3359	-1.39871	0.028	0.369	26.7	60	0.877635	0.887074	0	
* 83	2021-06-21 13:57:44	42	1	15.1937	-2.0656	0.003	0.061	26.7	60	0.839533	0.832527	0	
* 84	2021-06-21 13:59:09	42	2	17.7608	-2.33988	0.028	0.363	26.7	59	0.56426	0.579638	0	
* 85	2021-06-21 14:01:16	44	1	12.8951	-0.975862	0.0314091	0.396409	26.7	59	0.893299	0.894192	0	
* 86	2021-06-21 14:02:42	44	2	13.0078	-0.985522	0.034	0.412	26.9	60	0.716539	0.720951	0	
* 87	2021-06-21 14:04:54	41	1	20.2662	-1.89867	0.009	0.163	26.9	60	0.971217	0.966112	0	
* 88	2021-06-21 14:06:20	41	2	18.3482	-1.71176	0.036	0.406	27.2	60	0.849102	0.817703	0	
* 89	2021-06-21 14:08:59	45	1	21.4343	-0.984364	0.014	0.229	27.2	60	0.989166	0.926181	0	
* 90	2021-06-21 14:10:25	45	2	14.2329	-4.18749	0.039	0.446	27.2	60	0.320657	0.000411447	0	
* 91	2021-06-21 14:12:34	46	1	25.6079	-3.14208	0.036	0.413	26.9	60	0.973946	0.917816	0	
* 92	2021-06-21 14:14:00	46	2	29.1902	-3.34711	0.037	0.413	27.2	60	0.947749	0.961563	0	
* 93	2021-06-21 14:16:09	48	1	7.73786	-0.782908	0.0381818	0.426091	26.9	59	0.976014	-1.21649	0	
* 94	2021-06-21 14:17:36	48	2	23.2647	-1.80494	0.028	0.379	26.9	60	0.120026	0.193896	0	
* 95	2021-06-21 14:19:18	47	1	7.04962	-0.389891	0.028	0.384	26.9	60	0.990524	-2.44027	0	
* 96	2021-06-21 14:20:44	47	2	9.17067	-11.2038	0.028	0.384	26.9	60	0.894019	0.00127664	0	
