Item#	Date_IV	File Name	Obs#	Exp_Flux	Exp_Flux[2]	soilp_c_IV	soilp_m_IV	soilp_t_IV	Observation Length	Exp_R2	Exp_R2[2]	err_IV	
* 1	2022-06-22 10:58:28	2	1	20.2474	-6.5203	0.014	0.259	21.5	60	0.997047	0.997972	0	
* 2	2022-06-22 10:59:54	2	2	10.7027	-2.7449	0.014	0.261	21.5	60	0.998445	0.949229	0	
* 3	2022-06-22 11:01:31	3	1	10.3166	-1.53805	0.001	0.015	21.5	59	0.994269	0.915304	0	
* 4	2022-06-22 11:02:58	3	2	9.38722	-1.47102	0.013	0.277	21.9	60	0.993828	0.914256	0	
* 5	2022-06-22 11:06:12	1	1	13.9805	-2.88602	0.011	0.2	21.9	59	0.995145	0.994465	0	
* 6	2022-06-22 11:07:38	1	2	10.333	-1.59111	0.011	0.2	21.9	60	0.997733	0.953528	0	
* 7	2022-06-22 11:10:51	4	1	9.84782	-2.48489	0.00109091	-0.0560909	21.9	59	0.998013	0.995957	0	
* 8	2022-06-22 11:12:16	4	2	8.99881	-1.78193	0.01	0.215	21.9	59	0.997663	0.94284	0	
* 9	2022-06-22 11:19:41	7	1	11.5646	-2.54576	0.012	0.269	22.1	60	0.994472	0.995073	0	
* 10	2022-06-22 11:21:06	7	2	9.3122	-1.58749	0.012	0.269	22.1	60	0.993441	0.961159	0	
* 11	2022-06-22 11:23:32	6	1	8.38918	-2.24034	0.001	0.011	22.1	59	0.992905	0.981586	0	
* 12	2022-06-22 11:24:58	6	2	7.75782	-2.05896	0.011	0.211	22.1	60	0.99706	0.824265	0	
* 13	2022-06-22 11:28:14	5	1	19.4412	-3.71047	0.008	0.177	22.1	59	0.997607	0.835931	0	
* 14	2022-06-22 11:29:40	5	2	10.4903	-2.86388	0.008	0.178	22.1	60	0.99777	0.908247	0	
* 15	2022-06-22 11:31:52	8	1	7.58618	-2.61806	0.0088	0.1896	22.1	60	0.998143	0.979964	0	
* 16	2022-06-22 11:33:17	8	2	8.06948	-2.71445	0.006	0.156	22.1	59	0.997686	0.84175	0	
* 17	2022-06-22 11:36:48	9	1	20.0763	-3.92693	0.002	0	22.4	60	0.985198	0.973195	0	
* 18	2022-06-22 11:38:14	9	2	10.7133	-1.27715	0.033	0.344	22.4	59	0.994953	0.952078	0	
* 19	2022-06-22 11:40:15	12	1	0	0	0.001	0.006	22.6	60	0	0	0	
* 20	2022-06-22 11:41:41	12	2	4.79712	-0.238785	0.016	0.2	22.8	59	0.993915	0.26975	0	
* 21	2022-06-22 11:43:49	10	1	14.3943	-0.857694	0.0122	0.1676	23	60	0.998607	0.973058	0	
* 22	2022-06-22 11:45:14	10	2	5.57326	-0.350184	0.034	0.366	23	59	0.997755	0.900834	0	
* 23	2022-06-22 11:47:39	11	1	7.82976	-0.184859	0.002	0.007	23	59	0.993093	0.620297	0	
* 24	2022-06-22 11:49:05	11	2	3.07571	-0.0987532	0.05	0.473	23	60	0.989361	-0.117391	0	
* 25	2022-06-22 11:52:06	13	1	10.2477	-2.07973	0.023	0.265	22.8	59	0.998016	0.996145	0	
* 26	2022-06-22 11:53:33	13	2	0	0	0.023	0.265	22.8	60	0	0	0	
* 27	2022-06-22 11:56:13	14	1	19.7687	1.13328	0.038	0.345	22.8	59	0.998644	0.982227	0	
* 28	2022-06-22 11:57:39	14	2	13.2815	0.91616	0.038	0.345	22.8	59	0.998093	0.978869	0	
* 29	2022-06-22 12:00:00	15	1	14.7292	-1.67695	0.042	0.384	23	59	0.99544	0.994831	0	
* 30	2022-06-22 12:01:25	15	2	0	0	0.042	0.387	23	59	0	0	0	
* 31	2022-06-22 12:03:06	16	1	22.7388	-0.605555	0.062	0.494	23	60	0.991105	0.338925	0	
* 32	2022-06-22 12:04:31	16	2	9.57731	-0.663673	0.063	0.491	22.8	60	0.994476	0.928817	0	
* 33	2022-06-22 12:08:27	17	1	18.9629	-0.552331	0.007	0.063	22.8	60	0.991747	0.96384	0	
* 34	2022-06-22 12:09:52	17	2	7.86305	-0.416421	0.2644	0.5644	23	60	0.996106	0.0639915	0	
* 35	2022-06-22 12:11:56	18	1	20.5829	-2.74239	0.255467	0.592133	23.08	60	0.997713	0.994374	0	
* 36	2022-06-22 12:13:21	18	2	14.1443	-1.3605	0.243	0.616	23.3	60	0.99501	0.626772	0	
* 37	2022-06-22 12:15:20	20	1	5.21231	0.375509	0.181	0.528	23.5	59	0.944788	0.419888	0	
* 38	2022-06-22 12:16:46	20	2	1.30389	0.166785	0.18	0.542	23.3	59	0.304104	0.703934	0	
* 39	2022-06-22 12:18:46	19	1	2.78341	0.109997	0.18	0.542	23.3	60	0.976889	0.203948	0	
* 40	2022-06-22 12:20:11	19	2	1.71521	0.62604	0.176	0.521	23	60	0.944482	0.576044	0	
* 41	2022-06-22 12:22:54	21	1	26.4419	-2.92383	0.0194	0.0654	23	60	0.995794	0.994154	0	
* 42	2022-06-22 12:24:19	21	2	12.2916	-1.2666	0.034	0.339	22.8	60	0.99483	0.990591	0	
* 43	2022-06-22 12:28:08	24	1	34.6642	-1.25903	0.042	0.392	22.6	59	0.998542	0.978697	0	
* 44	2022-06-22 12:29:34	24	2	18.992	-0.476918	0.042	0.392	22.6	60	0.998884	0.511141	0	
* 45	2022-06-22 12:31:16	23	1	36.5479	-2.13524	0.019	0.088	22.4	59	0.997877	0.840072	0	
* 46	2022-06-22 12:32:42	23	2	0	0	0.047	0.452	22.6	60	0	0	0	
* 47	2022-06-22 12:34:16	22	1	3.02292	0.0398818	0.02	0.12	22.6	60	0.975525	0.246013	0	
* 48	2022-06-22 12:35:42	22	2	3.46407	1.00657	0.275	0.619	22.8	60	0.97804	0.214822	0	
* 49	2022-06-22 12:37:48	26	1	1.58597	0.232676	0.0245909	0.111136	23.0273	59	0.947645	-41.8119	0	
* 50	2022-06-22 12:39:13	26	2	1.06672	0.201663	0.131	0.532	23	59	0.88196	-2.00665	0	
* 51	2022-06-22 12:41:00	28	1	7.62716	-0.196467	0.081	0.503	23	60	0.995892	0.870262	0	
* 52	2022-06-22 12:42:26	28	2	3.50858	-0.127441	0.083	0.502	22.8	59	0.991976	-0.0981734	0	
* 53	2022-06-22 12:44:14	25	1	2.46242	0.204074	0.017	0.08	22.8	59	0.961221	-19.0943	0	
* 54	2022-06-22 12:45:40	25	2	1.40573	0.251979	0.235	0.572	22.8	60	0.916426	0.899009	0	
* 55	2022-06-22 12:47:27	27	1	5.7948	0.051672	0.023	0.092	23	60	0.992684	-41.6172	0	
* 56	2022-06-22 12:48:52	27	2	2.37017	-0.408351	0.117091	0.527045	23	59	0.981277	0.0928707	0	
* 57	2022-06-22 12:51:38	29	1	2.54684	-11.195	0.061	0.491	22.8	60	0.978201	0.0584851	0	
* 58	2022-06-22 12:53:04	29	2	1.61751	0.0496416	0.295	0.662	23	60	0.956565	-10.9514	0	
* 59	2022-06-22 12:54:54	30	1	3.87349	1.12142	0.295	0.686	23.3	59	0.989093	0.218687	0	
* 60	2022-06-22 12:56:21	30	2	1.72231	0.0927657	0.216	0.543	23.5	60	0.96314	0.260324	0	
* 61	2022-06-22 12:58:59	31	1	2.04007	-0.961471	0.061	0.486	23.3	59	0.962093	0.1771	0	
* 62	2022-06-22 13:00:25	31	2	1.44778	-0.600396	0.062	0.486	23.3	60	0.951865	0.025256	0	
* 63	2022-06-22 13:04:40	32	1	2.06313	9.56022	0.021	0.104	23	60	0.957405	0.000669082	0	
* 64	2022-06-22 13:06:06	32	2	1.6619	-0.0574171	0.049	0.458	23	59	0.949983	-16.1918	0	
* 65	2022-06-22 13:09:35	35	1	7.95469	-0.61121	0.022	0.105	23	60	0.998029	0.945548	0	
* 66	2022-06-22 13:11:00	35	2	7.01219	-0.571568	0.035	0.303	23	59	0.997476	0.903837	0	
* 67	2022-06-22 13:13:55	34	1	84.5863	-1.07937	0.02	0.088	23	60	0.998216	-0.741729	0	
* 68	2022-06-22 13:15:21	34	2	38.4233	-0.819148	0.048	0.408	23.3	60	0.99885	0.871237	0	
* 69	2022-06-22 13:17:29	33	1	2.27671	0.0355569	0.055	0.48	23.3	60	0.874162	0.188898	0	
* 70	2022-06-22 13:18:55	33	2	0.845826	0.0598309	0.0551818	0.492727	23.5	59	0.866742	0.196165	0	
* 71	2022-06-22 13:20:38	36	1	11.4998	-1.14008	0.057	0.496	23.7	59	0.993072	0.962588	0	
* 72	2022-06-22 13:22:03	36	2	0	0	0.042	0.336	23.7	59	0	0	0	
* 73	2022-06-22 13:24:22	37	1	7.42642	-0.00447553	0.021	0.097	23.7	60	0.982393	-8.079	0	
* 74	2022-06-22 13:25:47	37	2	1.79465	0.0408255	0.067	0.519	23.9	59	0.950586	0.35811	0	
* 75	2022-06-22 13:27:29	39	1	1.80184	-0.0105156	0.021	0.099	24.2	60	0.961922	-1.35649	0	
* 76	2022-06-22 13:28:54	39	2	1.29317	-0.00298224	0.0704	0.529	24.34	60	0.927469	-1.30902	0	
* 77	2022-06-22 13:30:46	38	1	9.63797	-0.423843	0.062	0.487	24.7	60	0.998046	0.826452	0	
* 78	2022-06-22 13:32:11	38	2	5.04425	-0.305541	0.047	0.464	24.7	60	0.996166	0.960171	0	
* 79	2022-06-22 13:34:00	40	1	0	0	0.047	0.423	24.7	59	0	0	0	
* 80	2022-06-22 13:35:27	40	2	2.09724	-0.0825832	0.048	0.429	24.7	60	0.979376	0.603469	0	
* 81	2022-06-22 13:37:17	43	1	4.10602	-0.00585359	0.02	0.133	24.4	60	0.975387	0.00611278	0	
* 82	2022-06-22 13:38:43	43	2	2.24757	-0.00946785	0.051	0.466	24.2	60	0.983493	-0.671203	0	
* 83	2022-06-22 13:40:33	44	1	2.71247	0.0165983	0.02	0.151	24.2	59	0.925903	0.0210391	0	
* 84	2022-06-22 13:41:59	44	2	1.3114	0.0763982	0.056	0.478	24.4	60	0.925229	0.220425	0	
* 85	2022-06-22 13:43:38	42	1	3.30323	-0.0956093	0.057	0.48	24.7	60	0.980952	0.349645	0	
* 86	2022-06-22 13:45:04	42	2	2.70193	-0.123373	0.063	0.497	24.9	60	0.979695	0.429989	0	
* 87	2022-06-22 13:50:54	41	1	2.20212	0.225654	1.64799e-17	1.38778e-16	24.9	59	0.951613	0.266091	0	
* 88	2022-06-22 13:52:19	41	2	1.39738	0.0082547	0.055	0.517	25.1	59	0.927225	0.000930114	0	
* 89	2022-06-22 13:54:55	45	1	0.944733	0.0576915	0.001	5.55112e-17	25.1	60	0.898353	0.363303	0	
* 90	2022-06-22 13:56:20	45	2	1.07847	0.0157068	0.047	0.5	25.1	59	0.925141	-0.0470767	0	
* 91	2022-06-22 13:58:29	46	1	14.3299	-1.81976	0.001	0.013	25.1	59	0.996544	0.964172	0	
* 92	2022-06-22 13:59:55	46	2	10.9554	-1.64469	0.019	0.237182	25.0636	59	0.998267	0.909678	0	
* 93	2022-06-22 14:01:29	48	1	10.648	-0.662479	0.019	0.242	24.7	59	0.985912	0.607475	0	
* 94	2022-06-22 14:02:55	48	2	0	0	0.031	0.357	24.7	60	0	0	0	
* 95	2022-06-22 14:04:37	47	1	11.7049	-0.995463	0.03	0.366	24.7	60	0.996927	0.724142	0	
* 96	2022-06-22 14:06:03	47	2	7.47642	-0.822968	0.031	0.403	24.4	59	0.99799	0.980935	0	
