Item#	Date_IV	File Name	Obs#	Exp_Flux	Exp_Flux[2]	soilp_c_IV	soilp_m_IV	soilp_t_IV	Observation Length	Exp_R2	Exp_R2[2]	err_IV	
* 1	2022-06-23 13:22:08	4	1	10.6189	-0.599863	0.019	0.38	21.9	59	0.994873	0.971364	0	
* 2	2022-06-23 13:23:35	4	2	7.06168	-0.524043	0.0187273	0.382	21.7545	60	0.995728	0.663877	0	
* 3	2022-06-23 13:27:03	2	1	31.1399	-1.4794	0.007	0.054	21.3	60	0.964683	-0.919112	0	
* 4	2022-06-23 13:28:28	2	2	12.4567	-0.858523	0.025	0.424	21.1	60	0.991883	0.977946	0	
* 5	2022-06-23 13:31:24	3	1	16.6837	-1.10546	0.009	0.112	20.9	59	0.995463	0.980322	0	
* 6	2022-06-23 13:32:49	3	2	7.58873	-0.343426	0.021	0.378	20.7	59	0.9959	0.788947	0	
* 7	2022-06-23 13:35:51	1	1	15.7774	-0.53107	0.033	0.453	20.5	59	0.995535	0.834861	0	
* 8	2022-06-23 13:37:18	1	2	8.67646	-0.445259	0.034	0.451	20.5	60	0.99465	0.958764	0	
* 9	2022-06-23 13:39:53	6	1	8.48063	-0.698434	0.011	0.094	20.5	59	0.99566	0.981563	0	
* 10	2022-06-23 13:41:19	6	2	9.67533	-0.848292	0.036	0.481	20.3	59	0.997103	0.899952	0	
* 11	2022-06-23 13:43:52	7	1	8.43874	-0.527535	0.026	0.431	20.3	59	0.993289	0.741196	0	
* 12	2022-06-23 13:45:18	7	2	7.51175	-0.453599	0.026	0.434	20.1	60	0.996584	0.772841	0	
* 13	2022-06-23 13:47:21	8	1	5.46541	-0.948031	0.011	0.087	20.1	60	0.919423	0.792633	0	
* 14	2022-06-23 13:48:47	8	2	6.57462	-1.14114	0.026	0.413	20.1	60	0.843408	-2.9338	0	
* 15	2022-06-23 13:51:20	5	1	6.94131	-0.969785	0.011	0.088	19.9	60	0.965697	0.927293	0	
* 16	2022-06-23 13:52:45	5	2	8.05305	-1.05063	0.026	0.418	20.1	60	0.995301	0.989712	0	
* 17	2022-06-23 13:55:36	11	1	4.92294	-0.0360059	-0.000666667	-0.0283333	20.1	60	0.985278	-1.94324	0	
* 18	2022-06-23 13:57:01	11	2	3.18916	-0.0157391	0.054	0.525	20.1	60	0.979051	0.0359583	0	
* 19	2022-06-23 13:59:23	9	1	22.7364	-1.75985	0.012	0.103	20.1	60	0.994057	0.955545	0	
* 20	2022-06-23 14:00:49	9	2	9.38889	-0.324798	0.045	0.481	20.1	59	0.997039	0.897272	0	
* 21	2022-06-23 14:02:52	12	1	9.56878	-0.0466476	0.051	0.501	20.1	59	0.996769	0.282586	0	
* 22	2022-06-23 14:04:18	12	2	0	0	0.052	0.501	20.3	59	0	0	0	
* 23	2022-06-23 14:07:05	10	1	12.926	-1.67737	0.001	0.002	20.5	60	0.993282	0.925191	0	
* 24	2022-06-23 14:08:30	10	2	4.18272	3.28589	0.044	0.445	20.5	59	0.992263	0.0727915	0	
* 25	2022-06-23 14:12:12	13	1	24.5366	-2.36865	0.029	0.38	20.7	59	0.991628	0.985741	0	
* 26	2022-06-23 14:13:38	13	2	10.4316	-0.60659	0.03	0.392091	20.7	59	0.996298	0.893162	0	
* 27	2022-06-23 14:16:13	14	1	33.7967	-0.138125	0	0	20.7	59	0.998208	0.688098	0	
* 28	2022-06-23 14:17:40	14	2	11.1734	-0.27131	0.0396	0.4344	20.7	60	0.998406	0.499886	0	
* 29	2022-06-23 14:19:55	15	1	17.9128	-0.718944	0.059	0.528	20.5	59	0.996474	0.957186	0	
* 30	2022-06-23 14:21:21	15	2	9.4444	-0.270434	0.058	0.533	20.5	60	0.9947	-0.937946	0	
* 31	2022-06-23 14:23:34	16	1	6.17785	-0.0620343	-0.0138	-0.1348	20.5	60	0.992884	-10.5772	0	
* 32	2022-06-23 14:25:00	16	2	3.98247	-0.149206	0.046	0.47	20.5	59	0.993725	-16.828	0	
* 33	2022-06-23 14:29:39	17	1	19.3566	-0.101072	0.0306818	0.183682	20.3	59	0.987312	-1.84188	0	
* 34	2022-06-23 14:31:05	17	2	8.91934	-0.27281	0.075	0.449	20.3	59	0.995331	0.88017	0	
* 35	2022-06-23 14:33:53	18	1	15.2448	-0.967946	0.027	0.391	20.5	60	0.979235	0.960891	0	
* 36	2022-06-23 14:35:19	18	2	8.93144	-0.263988	0.027	0.397	20.5	60	0.997462	0.931009	0	
* 37	2022-06-23 14:38:23	19	1	8.06867	-0.173832	0	0	20.5	60	0.988751	0.465436	0	
* 38	2022-06-23 14:39:48	19	2	4.04722	-0.0589944	0.075	0.442	20.5	59	0.988418	-0.542808	0	
* 39	2022-06-23 14:42:05	20	1	0	0	0	0	20.5	60	0	0	0	
* 40	2022-06-23 14:43:31	20	2	5.394	0.0539637	0.065	0.45	20.5	60	0.993827	-27.9883	0	
* 41	2022-06-23 14:46:46	24	1	29.3103	-0.296684	0.067	0.483	20.5	60	0.996639	0.898046	0	
* 42	2022-06-23 14:48:12	24	2	11.9491	-0.147809	0.067	0.48	20.5	60	0.990973	-0.308637	0	
* 43	2022-06-23 14:50:02	21	1	83.4043	-3.88038	0	0	20.5	60	0.984583	0.974097	0	
* 44	2022-06-23 14:51:28	21	2	0	0	0.016	0.354	20.5	60	0	0	0	
* 45	2022-06-23 14:54:23	22	1	21.2377	-0.271868	0.017	0.354	20.5	60	0.995916	0.831156	0	
* 46	2022-06-23 14:55:48	22	2	9.32906	-0.24541	0.062	0.486	20.5	59	0.993548	-0.121884	0	
* 47	2022-06-23 14:58:40	23	1	20.6062	-1.50983	0.093	0.435	20.3	60	0.998289	0.784174	0	
* 48	2022-06-23 15:00:05	23	2	6.98765	-0.340084	0.146	0.496	20.3	59	0.997308	0.319419	0	
* 49	2022-06-23 15:03:15	27	1	18.0938	0.38507	0	0	20.3	60	0.998168	0.809742	0	
* 50	2022-06-23 15:04:41	27	2	7.49655	0.154578	0.154	0.498	20.5	60	0.998049	0.604945	0	
* 51	2022-06-23 15:06:47	26	1	14.7296	0.420483	0.143	0.502	20.3	60	0.994425	0.672546	0	
* 52	2022-06-23 15:08:12	26	2	6.0411	0.0859965	0.146	0.496	20.5	60	0.996194	0.228656	0	
* 53	2022-06-23 15:10:10	28	1	51.6256	-0.19866	0.033	0.265	20.5	60	0.997246	-0.561974	0	
* 54	2022-06-23 15:11:35	28	2	13.0786	-0.131598	0.115227	0.473182	20.5	59	0.997953	0.273656	0	
* 55	2022-06-23 15:14:34	25	1	14.7309	-0.216064	0.1088	0.4686	20.3	60	0.998562	0.348006	0	
* 56	2022-06-23 15:16:00	25	2	9.61494	-0.0499937	0.127	0.519	20.3	60	0.998707	0.150065	0	
* 57	2022-06-23 15:19:25	30	1	6.82429	1.69649	0.022	0.195	20.3	60	0.988746	0.270831	0	
* 58	2022-06-23 15:20:50	30	2	1.99555	0.496356	0.15	0.491	20.3	60	0.980253	0.0845611	0	
* 59	2022-06-23 15:24:47	29	1	5.45372	0.0478183	0.173	0.53	20.3	59	0.991604	-2.81015	0	
* 60	2022-06-23 15:26:13	29	2	2.98201	0.00232554	0.178	0.522	20.3	60	0.984367	-0.106758	0	
* 61	2022-06-23 15:28:26	31	1	4.0531	0.117417	0.178	0.522	20.1	60	0.98708	0.521492	0	
* 62	2022-06-23 15:29:51	31	2	2.00135	-0.00951068	0.045	0.481	20.1	59	0.965594	-1.54987	0	
* 63	2022-06-23 15:33:34	32	1	6.06396	0.006856	0.049	0.4758	20.1	60	0.995112	-4.38099	0	
* 64	2022-06-23 15:35:00	32	2	3.73464	-0.184998	0.034	0.493	20.1	60	0.992108	0.168083	0	
* 65	2022-06-23 15:38:34	33	1	9.92665	0.0824814	-0.0018	0.0018	20.1	60	0.980961	0.283192	0	
* 66	2022-06-23 15:39:59	33	2	3.97212	-0.0346743	0.043	0.517	20.1	59	0.986768	-6.80158	0	
* 67	2022-06-23 15:43:21	35	1	9.90311	-0.105609	0.035	0.434	20.3	60	0.998132	0.0426261	0	
* 68	2022-06-23 15:44:46	35	2	4.86995	-0.136211	0.035	0.438	20.3	59	0.993965	0.188601	0	
* 69	2022-06-23 15:47:32	34	1	18.0471	-0.73428	0.0004	0.0162	20.3	60	0.994192	0.561516	0	
* 70	2022-06-23 15:48:57	34	2	5.29701	-0.0422403	0.044	0.486	20.3	59	0.995159	0.139769	0	
* 71	2022-06-23 15:52:12	36	1	12.8833	-0.105701	0.045	0.486	20.3	60	0.99489	0.516868	0	
* 72	2022-06-23 15:53:37	36	2	6.43159	-0.0696047	0.041	0.508	20.3	59	0.997471	0.220837	0	
* 73	2022-06-23 15:56:19	37	1	16.4083	0.871338	0.008	0.097	20.5	59	0.996217	0.124324	0	
* 74	2022-06-23 15:57:46	37	2	6.02515	-0.0416311	0.053	0.466	20.5	60	0.989031	0.136713	0	
* 75	2022-06-23 16:00:16	39	1	8.05235	-0.0769393	0.008	0.091	20.5	60	0.971191	0.169259	0	
* 76	2022-06-23 16:01:42	39	2	2.72736	-0.00409141	0.057	0.505	20.5	60	0.986564	-2.00014	0	
* 77	2022-06-23 16:03:45	38	1	20.8806	-0.755785	0.042	0.44	20.5	60	0.989327	0.836832	0	
* 78	2022-06-23 16:05:11	38	2	6.47219	-0.0948941	0.041	0.436	20.5	60	0.987996	0.472247	0	
* 79	2022-06-23 16:07:44	40	1	15.0856	-0.144664	0.043	0.459	20.5	60	0.996255	-0.191924	0	
* 80	2022-06-23 16:09:10	40	2	5.83019	-0.0369137	0.043	0.459	20.5	60	0.996144	-1.07866	0	
* 81	2022-06-23 16:11:55	43	1	5.36711	-0.0766117	0.041	0.455	20.5	60	0.995851	0.139295	0	
* 82	2022-06-23 16:13:21	43	2	4.02616	-0.152801	0.041	0.455	20.5	60	0.983602	0.430618	0	
* 83	2022-06-23 16:15:35	44	1	19.2502	-0.186321	0.0374	0.4478	20.22	60	0.992979	0.578179	0	
* 84	2022-06-23 16:17:00	44	2	5.02811	-0.0533567	0.051	0.473	20.5	59	0.995841	0.380134	0	
* 85	2022-06-23 16:19:11	42	1	10.6253	-0.260251	0.008	0.116	20.5	60	0.986806	-2.35886	0	
* 86	2022-06-23 16:20:35	42	2	6.14478	-0.243899	0.0474	0.4484	20.5	60	0.995822	0.541313	0	
* 87	2022-06-23 16:23:04	41	1	17.6709	-0.00420032	0.058	0.496	20.7	59	0.995543	-38.603	0	
* 88	2022-06-23 16:24:30	41	2	4.77071	0.000118998	0.058	0.496	20.5	60	0.994719	-0.032029	0	
* 89	2022-06-23 16:28:45	45	1	13.2583	0.364546	0.052	0.49	20.7	60	0.988449	0.915015	0	
* 90	2022-06-23 16:30:11	45	2	4.73489	0.325422	0.051	0.49	20.7	60	0.994266	0.89833	0	
* 91	2022-06-23 16:32:51	46	1	17.8279	-0.632316	0.037	0.433	20.5	60	0.997834	0.913174	0	
* 92	2022-06-23 16:34:17	46	2	10.4086	-3.68519	0.047	0.46	20.5	60	0.996981	0.180791	0	
* 93	2022-06-23 16:36:18	48	1	13.2013	-0.179939	0.019	0.256	20.5	60	0.989051	0.847515	0	
* 94	2022-06-23 16:37:44	48	2	5.34361	-0.139683	0.044	0.46	20.5	60	0.99533	0.405634	0	
* 95	2022-06-23 16:39:56	49	1	6.93937	-0.196336	0.042	0.464	20.5	59	0.997677	0.601167	0	
* 96	2022-06-23 16:41:23	49	2	0	0	0.041	0.467	20.5	60	0	0	0	
