Item#	Date_IV	File Name	Obs#	Exp_Flux	Exp_Flux[2]	soilp_c_IV	soilp_m_IV	soilp_t_IV	Observation Length	Exp_R2	Exp_R2[2]	err_IV	
* 1	2021-10-12 08:43:07	48	1	10.1932	23.0094	0.013	0.197	19.3	60	0.773223	-8.52854	4.8	
* 2	2021-10-12 08:44:32	48	2	6.74694	7.82855	0.013	0.196	19.3	59	-2.9503	-5.21384	16	
* 3	2021-10-12 08:47:39	47	1	6.73872	-1.37713	0.012	0.192	19.1	59	0.984575	0.823932	8	
* 4	2021-10-12 08:49:05	47	2	4.13128	-1.31282	0.012	0.196	19.3	59	0.977975	0.991732	0	
* 5	2021-10-12 08:51:31	46	1	8.01878	-2.32289	0.001	0.006	19.1	59	0.988734	0.954884	0	
* 6	2021-10-12 08:52:57	46	2	5.56496	-2.04186	0.012	0.17	19.1	60	0.817953	0.746391	0	
* 7	2021-10-12 08:57:06	45	1	7.20755	-1.01976	0.015	0.213	19.1	59	0.976114	0.715352	0	
* 8	2021-10-12 08:58:31	45	2	4.52507	-0.94148	0.015	0.214	19.3	59	0.977973	0.80985	0	
* 9	2021-10-12 09:01:06	44	1	5.25496	-0.977046	0.015	0.219	19.5	59	0.984943	-0.0884162	0	
* 10	2021-10-12 09:02:32	44	2	4.40926	-0.930862	0.016	0.218	19.7	59	0.98014	0.969982	0	
* 11	2021-10-12 09:04:35	42	1	5.19111	-1.53707	0.001	0.012	19.7	59	0.978977	0.771314	0	
* 12	2021-10-12 09:06:00	42	2	4.18097	-1.51466	0.015	0.198	19.7	59	0.983456	0.975678	0	
* 13	2021-10-12 09:08:11	41	1	6.60995	-0.832816	0.01	0.144	19.7	59	0.981088	0.555842	0	
* 14	2021-10-12 09:09:37	41	2	4.94775	-0.817277	0.01	0.144	19.9	59	0.98255	0.977594	0	
* 15	2021-10-12 09:11:36	43	1	4.88066	-1.47506	0	0	19.9	59	0.98151	0.67391	0	
* 16	2021-10-12 09:13:01	43	2	5.48405	-1.38932	0.007	0.122	19.7	59	0.961307	0.991586	0	
* 17	2021-10-12 09:15:11	40	1	7.36896	-1.8114	0.006	0.113	19.7	59	0.991394	0.879386	0	
* 18	2021-10-12 09:16:37	40	2	6.28182	-1.54645	0.007	0.109	19.9	59	0.992503	0.92488	0	
* 19	2021-10-12 09:18:44	38	1	14.2864	-4.77093	0.006	0.11	19.9	60	0.986337	0.975724	0	
* 20	2021-10-12 09:20:09	38	2	7.26382	-1.47361	0.018	0.249	19.7	59	0.991985	0.973881	0	
* 21	2021-10-12 09:22:36	39	1	6.02162	-1.09676	0	0	19.7	59	0.987235	0.528642	0	
* 22	2021-10-12 09:24:02	39	2	0	0	0.017	0.229	19.9	59	0	0	0	
* 23	2021-10-12 09:26:26	37	1	18.3503	-1.7806	0.004	0.049	19.7	59	0.989737	-2.17415	0	
* 24	2021-10-12 09:27:52	37	2	7.76288	-1.3805	0.019	0.140182	19.9	59	0.994274	0.806677	0	
* 25	2021-10-12 09:31:02	33	1	5.6886	-1.14279	0.015	0.229	19.9	59	0.993066	0.953432	0	
* 26	2021-10-12 09:32:27	33	2	5.24605	-1.06202	0.015	0.232	20.1	59	0.993415	0.886374	0	
* 27	2021-10-12 09:34:22	35	1	5.8563	-0.635843	0.026	0.358	19.9	59	0.991032	0.978072	0	
* 28	2021-10-12 09:35:47	35	2	5.16304	-0.578509	0.026	0.358	20.1	59	0.992453	0.961486	0	
* 29	2021-10-12 09:38:30	34	1	8.2992	-1.3837	0.014	0.213	19.9	59	0.992665	0.945445	0	
* 30	2021-10-12 09:39:56	34	2	6.5862	-1.27283	0.015	0.21	19.9	60	0.99211	0.928602	0	
* 31	2021-10-12 09:42:48	36	1	7.22544	-1.9219	0.006	0.126	19.7	59	0.992695	0.558873	0	
* 32	2021-10-12 09:44:13	36	2	4.93343	-1.75075	0.01	0.179	19.7	59	0.983743	0.973004	0	
* 33	2021-10-12 09:46:40	32	1	8.12382	-0.81018	0.001	0.002	19.7	59	0.983225	0.370353	0	
* 34	2021-10-12 09:48:06	32	2	5.50419	-0.680172	0.019	0.293	19.7	60	0.984035	0.88215	0	
* 35	2021-10-12 09:49:50	31	1	3.18181	-0.412878	0.019	0.293	19.7	60	0.967966	0.53122	0	
* 36	2021-10-12 09:51:15	31	2	2.85261	-0.412637	0.015	0.276	19.7	59	-0.0956777	0.562544	0	
* 37	2021-10-12 09:53:22	29	1	16.6429	-1.5466	0.003	0.066	19.5	59	0.998186	0.98655	0	
* 38	2021-10-12 09:54:48	29	2	9.484	-1.10303	0.017	0.26	19.5	60	0.993638	0.725198	0	
* 39	2021-10-12 09:58:27	30	1	9.09847	-0.957588	0.015	0.244	19.3	59	0.984441	0.311259	0	
* 40	2021-10-12 09:59:53	30	2	0	0	0.015	0.2464	19.58	60	0	0	0	
* 41	2021-10-12 10:02:26	27	1	5.15183	-0.411713	0	0	19.3	60	0.421026	0.691674	0	
* 42	2021-10-12 10:03:51	27	2	5.09238	-0.431374	0.019	0.272318	19.3	59	0.991363	0.931154	0	
* 43	2021-10-12 10:06:03	26	1	15.3059	-1.19498	0.019	0.285	19.3	59	0.993175	0.0573671	0	
* 44	2021-10-12 10:07:29	26	2	0	0	0.019	0.288	19.3	60	0	0	0	
* 45	2021-10-12 10:09:29	28	1	7.13676	-1.17221	0.018	0.255	19.3	59	0.790293	0.919281	0	
* 46	2021-10-12 10:10:55	28	2	6.6956	-1.11569	0.018	0.255	19.3	59	0.946769	0.785255	0	
* 47	2021-10-12 10:13:06	25	1	9.53342	-1.29266	0.014	0.265	19.3	60	0.992563	0.48813	0	
* 48	2021-10-12 10:14:31	25	2	7.43928	-1.16308	0.015	0.263	19.3	59	0.99479	0.975983	0	
* 49	2021-10-12 10:16:39	22	1	12.7438	-2.0602	0.001	0.012	19.3	59	0.989277	0.417225	0	
* 50	2021-10-12 10:18:04	22	2	7.43713	-1.76	0.015	0.25	19.7	59	0.995771	0.994854	0	
* 51	2021-10-12 10:20:03	23	1	6.33094	-1.07286	0.01	0.207	19.7	59	0.987892	0.112054	0	
* 52	2021-10-12 10:21:29	23	2	0	0	0.01	0.209	19.7	59	0	0	0	
* 53	2021-10-12 10:23:39	21	1	13.1222	-4.53305	0.01	0.208	19.7	60	0.995306	0.997272	0	
* 54	2021-10-12 10:25:04	21	2	5.89534	-2.08917	0.007	0.145	19.7	60	0.99354	0.996552	0	
* 55	2021-10-12 10:26:57	24	1	9.55148	-1.5188	0.00845455	0.167727	19.7	59	0.985956	0.774185	0	
* 56	2021-10-12 10:28:23	24	2	6.7532	-1.37872	0.015	0.272	19.7	60	0.992534	0.722949	0	
* 57	2021-10-12 10:31:22	20	1	14.6678	-2.5462	0.016	0.265	20.1	60	0.995871	0.995228	0	
* 58	2021-10-12 10:32:47	20	2	5.27382	-0.873627	0.016	0.267	20.3	59	0.974069	0.983526	0	
* 59	2021-10-12 10:34:38	19	1	5.08368	-0.905823	0.016	0.267	20.3	59	0.989805	0.954946	0	
* 60	2021-10-12 10:36:04	19	2	4.29707	-0.778588	0.011	0.201	20.3	59	0.987339	0.9655	0	
* 61	2021-10-12 10:39:05	18	1	16.3352	-3.02773	0.016	0.251	20.1	60	0.997929	0.778108	0	
* 62	2021-10-12 10:40:29	18	2	9.28067	-2.39542	0.016	0.251	20.3	58	0.996104	0.996999	0	
* 63	2021-10-12 10:42:20	17	1	16.2252	-4.56704	0.003	0.059	20.1	60	0.997121	0.99711	0	
* 64	2021-10-12 10:43:45	17	2	7.84062	-1.99302	0.011	0.174	20.3	59	0.995909	0.985427	0	
* 65	2021-10-12 10:49:21	16	1	5.20384	-0.864796	0.024	0.289	19.7	59	0.990471	0.966713	0	
* 66	2021-10-12 10:50:47	16	2	5.03805	-0.790213	0.024	0.29	19.7	59	0.988901	0.911089	0	
* 67	2021-10-12 10:57:41	15	1	5.416	-1.63644	0.003	0.049	19.3	59	0.97338	0.972394	0	
* 68	2021-10-12 10:59:07	15	2	4.04502	-1.67259	0.022	0.265	19.3	59	0.990063	0.94549	0	
* 69	2021-10-12 11:01:23	14	1	8.85069	-1.97602	0.017	0.213	19.3	59	0.996185	0.994562	0	
* 70	2021-10-12 11:02:49	14	2	5.77314	-1.49097	0.017	0.213	19.5	59	0.991593	0.966786	0	
* 71	2021-10-12 11:04:53	13	1	27.1774	-0.294643	0.00263636	0.0373636	19.5	59	0.237407	-2.55529	0	
* 72	2021-10-12 11:06:19	13	2	7.61167	-3.03539	0.009	0.143	19.5	59	0.995907	0.931331	0	
* 73	2021-10-12 11:08:48	10	1	28.3341	-5.5759	0.002	0.012	19.5	59	0.991393	0.977014	0	
* 74	2021-10-12 11:10:13	10	2	5.93362	-0.844064	0.012	0.154	19.7	59	0.463753	0.385224	0	
* 75	2021-10-12 11:12:14	12	1	7.96439	-0.689065	0.019	0.265	19.7	59	0.995162	0.59816	0	
* 76	2021-10-12 11:13:39	12	2	0	0	0.02	0.268	19.7	59	0	0	0	
* 77	2021-10-12 11:15:43	9	1	33.4022	-2.68778	0.003	0.046	19.7	59	0.998072	0.994861	0	
* 78	2021-10-12 11:17:09	9	2	21.1855	-1.35162	0.011	0.164	19.7	60	0.998985	0.984749	0	
* 79	2021-10-12 11:19:35	11	1	0	0	0.004	0.067	19.7	59	0	0	0	
* 80	2021-10-12 11:21:01	11	2	2.76314	-0.250012	0.022	0.284	19.7	60	0.975897	0.865888	0	
* 81	2021-10-12 11:23:37	5	1	6.0573	-3.13087	0.008	0.149	19.5	59	0.993497	0.937653	0	
* 82	2021-10-12 11:25:03	5	2	5.88995	-3.0317	0.008	0.15	19.5	59	0.992122	0.968707	0	
* 83	2021-10-12 11:30:25	8	1	8.53711	-4.38169	0.006	0.139	19.3	60	0.993639	0.962656	0	
* 84	2021-10-12 11:31:50	8	2	5.7814	-3.77188	0.006	0.139	19.3	59	0.991949	0.972503	0	
* 85	2021-10-12 11:33:41	7	1	8.24832	-2.61745	0.006	0.139	19.3	59	0.994112	0.691468	0	
* 86	2021-10-12 11:35:07	7	2	5.26978	-2.22184	0.01	0.252	19.3	60	0.991708	0.979126	0	
* 87	2021-10-12 11:37:12	6	1	12.5819	-2.85678	0.007	0.152	19.3	60	0.968671	-1.92302	0	
* 88	2021-10-12 11:38:37	6	2	5.42628	-2.6797	0.007	0.149	19.3	59	0.992894	0.995318	0	
* 89	2021-10-12 11:40:42	4	1	6.86074	-2.19277	0.003	0.034	19.3	59	0.994489	-0.469903	0	
* 90	2021-10-12 11:42:07	4	2	5.22986	-2.02706	0.008	0.171	19.3	59	0.992716	0.962151	0	
* 91	2021-10-12 11:44:08	2	1	6.56569	-3.47321	0.009	0.151	19.5	59	0.988698	-0.157617	0	
* 92	2021-10-12 11:45:35	2	2	5.87516	-3.23559	0.009	0.151	19.5	60	0.990898	0.96141	0	
* 93	2021-10-12 11:47:27	3	1	6.33386	-2.38231	0.002	0.036	19.5	59	0.994932	0.356206	0	
* 94	2021-10-12 11:48:53	3	2	4.37603	-2.1038	0.009	0.183	19.5	59	0.990041	0.967664	0	
* 95	2021-10-12 11:51:03	1	1	10.4046	-4.61048	0.007	0.135	19.5	59	0.995711	0.99634	0	
* 96	2021-10-12 11:52:29	1	2	7.76175	-2.55416	0.007	0.135	19.7	59	0.994995	0.877794	0	
