Serial Number	Date_IV	Obs#	Port#	Observation Length	Exp_Flux	Exp_R2	Lin_Flux	Lin_R2	Tcham_IV	V1_IV	V2_IV	V3_IV	V4_IV	
81A-1678	2020-05-01 14:16:31	1	1	02:00	1.420000	0.9922	1.040	0.9891	18.2	3.3	0.405	12.18	0	
81A-1678	2020-05-01 14:20:02	2	2	02:00	3.060000	0.9689	2.680	0.9736	17.94	3.316	0.496	13.102	0	
81A-1678	2020-05-01 14:23:34	3	3	02:00	2.680000	0.9988	1.930	0.9949	17.04	3.3	0.442	12.587	0	
81A-1678	2020-05-01 14:27:07	4	4	02:00	2.330000	0.9994	2.310	0.9994	16.29	3.4	0.483	13.642	0	
81A-1678	2020-05-01 14:30:39	5	1	02:00	2.230000	0.9965	1.710	0.9934	17.5	3.4	0.405	12.215	0	
81A-1678	2020-05-01 14:34:11	6	2	02:00	3.220000	0.9994	3.220	0.9994	17.28	3.4	0.494	13.176	0	
81A-1678	2020-05-01 14:37:44	7	3	02:00	2.400000	0.9987	1.890	0.9966	17.16	3.4	0.441	12.662	0	
81A-1678	2020-05-01 14:41:16	8	4	02:00	2.380000	0.9994	2.240	0.9993	16.24	3.4	0.482	13.718	0	
81A-1678	2020-05-01 15:00:38	9	1	02:00	2.540000	0.9987	1.930	0.9954	17.02	3.4	0.403	12.305	0	
81A-1678	2020-05-01 15:04:10	10	2	02:00	3.560000	0.9994	3.110	0.9984	16.54	3.4	0.49	13.268	0	
81A-1678	2020-05-01 15:07:39	11	3	02:00	2.340000	0.9964	1.550	0.9908	16.52	3.4	0.44	12.726	0	
81A-1678	2020-05-01 15:11:10	12	4	02:00	2.520000	0.9994	2.220	0.9988	15.91	3.4	0.481	13.786	0	
81A-1678	2020-05-01 15:30:38	13	1	02:00	2.560000	0.9981	1.880	0.9935	16.52	3.4	0.402	12.346	0	
81A-1678	2020-05-01 15:34:10	14	2	02:00	3.820000	0.9997	3.290	0.9989	16.88	3.4	0.489	13.303	0	
81A-1678	2020-05-01 15:37:39	15	3	02:00	2.140000	0.9987	1.720	0.9969	17.08	3.4	0.44	12.751	0	
81A-1678	2020-05-01 15:41:11	16	4	02:00	2.310000	0.9994	2.260	0.9994	16.62	3.4	0.481	13.806	0	
81A-1678	2020-05-01 16:00:38	17	1	02:00	2.330000	0.9986	1.800	0.9955	17.39	3.4	0.402	12.392	0	
81A-1678	2020-05-01 16:04:10	18	2	02:00	3.500000	0.9998	3.110	0.9991	17.51	3.4	0.488	13.348	0	
81A-1678	2020-05-01 16:07:39	19	3	02:00	2.010000	0.9986	1.810	0.9983	17.65	3.4	0.44	12.779	0	
81A-1678	2020-05-01 16:11:09	20	4	02:00	2.540000	0.9993	2.270	0.9989	17.31	3.4	0.481	13.86	0	
81A-1678	2020-05-01 16:30:38	21	1	02:00	2.870000	0.9988	1.860	0.9939	19.87	3.4	0.4	12.523	0	
81A-1678	2020-05-01 16:34:10	22	2	02:00	3.870000	0.9997	3.260	0.9984	18.95	3.4	0.486	13.419	0	
81A-1678	2020-05-01 16:37:42	23	3	02:00	2.370000	0.9995	2.120	0.9990	19.72	3.4	0.441	12.862	0	
81A-1678	2020-05-01 16:41:12	24	4	02:00	2.390000	0.9994	2.240	0.9993	18.64	3.4	0.481	13.997	0	
81A-1678	2020-05-01 17:00:38	25	1	02:00	4.060000	0.9839	2.490	0.9761	17.82	3.4	0.398	12.549	0	
81A-1678	2020-05-01 17:04:09	26	2	02:00	4.460000	0.9995	3.570	0.9974	17.69	3.4	0.485	13.437	0	
81A-1678	2020-05-01 17:07:41	27	3	02:00	2.140000	0.9988	1.730	0.9964	17.14	3.4	0.44	12.863	0	
81A-1678	2020-05-01 17:11:13	28	4	02:00	2.280000	0.9994	2.200	0.9994	16.63	3.4	0.48	14.017	0	
81A-1678	2020-05-01 17:30:38	29	1	02:00	3.150000	0.9902	1.860	0.9790	16.55	3.4	0.395	12.539	0	
81A-1678	2020-05-01 17:34:09	30	2	02:00	3.910000	0.9995	3.170	0.9981	16.74	3.4	0.484	13.441	0	
81A-1678	2020-05-01 17:37:41	31	3	02:00	2.490000	0.9991	2.010	0.9981	16.74	3.4	0.44	12.855	0	
81A-1678	2020-05-01 17:41:11	32	4	02:00	2.370000	0.9995	2.180	0.9992	16.27	3.4	0.479	13.981	0	
81A-1678	2020-05-01 18:00:38	33	1	02:00	2.750000	0.9721	2.290	0.9770	16.49	3.4	0.394	12.541	0	
81A-1678	2020-05-01 18:04:09	34	2	02:00	3.810000	0.9995	3.290	0.9986	16.74	3.4	0.483	13.44	0	
81A-1678	2020-05-01 18:07:38	35	3	02:00	2.500000	0.9995	2.000	0.9976	16.75	3.4	0.439	12.842	0	
81A-1678	2020-05-01 18:11:11	36	4	02:00	2.420000	0.9995	2.120	0.9988	16.37	3.4	0.479	13.931	0	
81A-1678	2020-05-01 18:30:38	37	1	02:00	2.040000	0.9970	2.040	0.9970	16.16	3.4	0.393	12.519	0	
81A-1678	2020-05-01 18:34:12	38	2	02:00	3.310000	0.9994	3.090	0.9992	16.56	3.4	0.483	13.442	0	
81A-1678	2020-05-01 18:37:41	39	3	02:00	2.520000	0.9984	1.910	0.9959	16.65	3.4	0.439	12.817	0	
81A-1678	2020-05-01 18:41:14	40	4	02:00	2.330000	0.9991	2.130	0.9988	16.18	3.4	0.479	13.887	0	
81A-1678	2020-05-01 19:00:38	41	1	02:00	4.330000	0.9603	1.720	0.9403	15.82	3.4	0.391	12.49	0	
81A-1678	2020-05-01 19:04:09	42	2	02:00	3.780000	0.9997	3.230	0.9987	16.12	3.4	0.482	13.436	0	
81A-1678	2020-05-01 19:07:40	43	3	02:00	2.490000	0.9994	2.050	0.9984	15.94	3.4	0.438	12.785	0	
81A-1678	2020-05-01 19:11:11	44	4	02:00	2.460000	0.9996	2.220	0.9991	15.71	3.4	0.479	13.835	0	
81A-1678	2020-05-01 19:30:38	45	1	02:00	1.260000	0.8721	0.950	0.8758	15.04	3.4	0.39	12.442	0	
81A-1678	2020-05-01 19:34:10	46	2	02:00	3.560000	0.9997	3.160	0.9992	15.44	3.4	0.481	13.4	0	
81A-1678	2020-05-01 19:37:39	47	3	02:00	2.140000	0.9994	1.970	0.9992	15.58	3.4	0.438	12.736	0	
81A-1678	2020-05-01 19:41:09	48	4	02:00	2.380000	0.9995	2.120	0.9992	15.12	3.4	0.478	13.766	0	
81A-1678	2020-05-01 20:00:38	49	1	02:00	2.560000	0.9350	2.300	0.9373	14.28	3.4	0.388	12.388	0	
81A-1678	2020-05-01 20:04:10	50	2	02:00	3.850000	0.9994	3.310	0.9988	14.87	3.4	0.48	13.367	0	
81A-1678	2020-05-01 20:07:40	51	3	02:00	1.830000	0.9988	1.830	0.9988	14.94	3.4	0.437	12.661	0	
81A-1678	2020-05-01 20:11:14	52	4	02:00	2.220000	0.9997	2.060	0.9995	14.45	3.4	0.478	13.679	0	
81A-1678	2020-05-01 20:30:38	53	1	02:00	2.370000	0.9916	1.940	0.9905	13.9	3.4	0.387	12.332	0	
81A-1678	2020-05-01 20:34:08	54	2	02:00	3.580000	0.9994	3.200	0.9990	14.36	3.4	0.48	13.309	0	
81A-1678	2020-05-01 20:37:37	55	3	02:00	2.250000	0.9981	1.900	0.9975	14.37	3.4	0.437	12.613	0	
81A-1678	2020-05-01 20:41:07	56	4	02:00	2.230000	0.9994	2.100	0.9993	14.03	3.4	0.477	13.584	0	
81A-1678	2020-05-01 21:00:38	57	1	02:00	3.890000	0.9154	1.470	0.8823	13.32	3.4	0.386	12.248	0	
81A-1678	2020-05-01 21:04:09	58	2	02:00	4.020000	0.9987	3.090	0.9966	13.82	3.4	0.479	13.252	0	
81A-1678	2020-05-01 21:07:41	59	3	02:00	2.590000	0.9987	1.880	0.9961	13.86	3.4	0.436	12.521	0	
81A-1678	2020-05-01 21:11:14	60	4	02:00	2.210000	0.9994	2.090	0.9993	13.58	3.415	0.477	13.496	0	
81A-1678	2020-05-01 21:30:38	61	1	02:00	4.240000	0.9460	1.790	0.8627	13.28	3.4	0.385	12.199	0	
81A-1678	2020-05-01 21:34:12	62	2	02:00	3.730000	0.9994	3.140	0.9984	13.8	3.4	0.479	13.202	0	
81A-1678	2020-05-01 21:37:41	63	3	02:00	2.450000	0.9991	1.960	0.9982	13.64	3.4	0.436	12.448	0	
81A-1678	2020-05-01 21:41:12	64	4	02:00	2.170000	0.9991	2.090	0.9990	13.57	3.415	0.477	13.401	0	
81A-1678	2020-05-01 22:00:38	65	1	02:00	1.580000	0.9519	1.550	0.9625	13.26	3.4	0.384	12.135	0	
81A-1678	2020-05-01 22:04:10	66	2	02:00	3.840000	0.9993	3.140	0.9979	13.79	3.4	0.478	13.153	0	
81A-1678	2020-05-01 22:07:41	67	3	02:00	2.220000	0.9991	2.000	0.9987	14.05	3.4	0.436	12.41	0	
81A-1678	2020-05-01 22:11:11	68	4	02:00	2.210000	0.9994	2.030	0.9991	13.59	3.431	0.477	13.319	0	
81A-1678	2020-05-01 22:30:38	69	1	02:00	2.440000	0.9804	1.850	0.9851	13.08	3.42	0.384	12.082	0	
81A-1678	2020-05-01 22:34:09	70	2	02:00	3.820000	0.9991	3.170	0.9980	13.46	3.4	0.478	13.097	0	
81A-1678	2020-05-01 22:37:39	71	3	02:00	2.270000	0.9990	1.910	0.9983	13.41	3.4	0.436	12.325	0	
81A-1678	2020-05-01 22:41:10	72	4	02:00	2.130000	0.9992	1.990	0.9990	13.28	3.409	0.476	13.24	0	
81A-1678	2020-05-01 23:00:38	73	1	02:00	2.120000	0.9986	1.750	0.9974	12.67	3.476	0.383	12.016	0	
81A-1678	2020-05-01 23:04:08	74	2	02:00	3.330000	0.9992	2.930	0.9985	13.21	3.4	0.478	13.052	0	
81A-1678	2020-05-01 23:07:37	75	3	02:00	2.090000	0.9991	1.900	0.9989	13.25	3.4	0.435	12.274	0	
81A-1678	2020-05-01 23:11:07	76	4	02:00	2.220000	0.9992	2.010	0.9988	12.84	3.436	0.476	13.153	0	
81A-1678	2020-05-01 23:30:38	77	1	02:00	5.820000	0.9727	2.220	0.9255	12.68	3.447	0.382	11.973	0	
81A-1678	2020-05-01 23:34:08	78	2	02:00	3.840000	0.9996	3.120	0.9982	12.93	3.4	0.477	13.002	0	
81A-1678	2020-05-01 23:37:40	79	3	02:00	2.100000	0.9992	1.910	0.9989	13.12	3.4	0.435	12.22	0	
81A-1678	2020-05-01 23:41:10	80	4	02:00	2.160000	0.9992	2.020	0.9990	12.84	3.456	0.475	13.08	0	
81A-1678	2020-05-02 00:00:38	81	1	02:00	9.490000	0.9007	1.120	0.6416	12.41	3.491	0.381	11.919	0	
81A-1678	2020-05-02 00:04:12	82	2	02:00	3.520000	0.9994	2.990	0.9987	12.76	3.4	0.476	12.938	0	
81A-1678	2020-05-02 00:07:42	83	3	02:00	2.220000	0.9991	1.810	0.9977	12.6	3.4	0.435	12.136	0	
81A-1678	2020-05-02 00:11:13	84	4	02:00	2.250000	0.9995	2.070	0.9992	12.73	3.478	0.475	12.991	0	
81A-1678	2020-05-02 00:30:38	85	1	02:00	5.850000	0.4523	1.710	0.4114	12.15	3.427	0.38	11.876	0	
81A-1678	2020-05-02 00:34:09	86	2	02:00	3.990000	0.9993	2.960	0.9960	12.36	3.4	0.475	12.892	0	
81A-1678	2020-05-02 00:37:41	87	3	02:00	1.960000	0.9990	1.760	0.9985	12.39	3.4	0.435	12.092	0	
81A-1678	2020-05-02 00:41:11	88	4	02:00	2.220000	0.9989	1.990	0.9984	12.28	3.435	0.475	12.918	0	
81A-1678	2020-05-02 01:00:38	89	1	02:00	3.690000	0.9960	2.240	0.9866	12.24	3.458	0.38	11.817	0	
81A-1678	2020-05-02 01:04:09	90	2	02:00	3.300000	0.9988	2.940	0.9984	12.33	3.4	0.475	12.849	0	
81A-1678	2020-05-02 01:07:38	91	3	02:00	2.260000	0.9989	1.900	0.9983	12.35	3.4	0.435	12.034	0	
81A-1678	2020-05-02 01:11:09	92	4	02:00	2.150000	0.9995	1.990	0.9993	12.28	3.478	0.475	12.858	0	
81A-1678	2020-05-02 01:30:38	93	1	02:00	2.590000	0.9330	1.900	0.9168	11.75	3.487	0.38	11.766	0	
81A-1678	2020-05-02 01:34:09	94	2	02:00	3.710000	0.9994	2.940	0.9975	12.04	3.4	0.475	12.798	0	
81A-1678	2020-05-02 01:37:41	95	3	02:00	2.380000	0.9989	1.870	0.9972	12.04	3.4	0.434	11.993	0	
81A-1678	2020-05-02 01:41:13	96	4	02:00	2.150000	0.9991	1.970	0.9989	11.99	3.405	0.475	12.793	0	
81A-1678	2020-05-02 02:00:38	97	1	02:00	2.600000	0.9902	2.280	0.9893	11.65	3.409	0.379	11.722	0	
81A-1678	2020-05-02 02:04:08	98	2	02:00	3.430000	0.9993	2.970	0.9985	11.94	3.4	0.474	12.75	0	
81A-1678	2020-05-02 02:07:37	99	3	02:00	2.150000	0.9990	1.790	0.9975	11.9	3.4	0.434	11.939	0	
81A-1678	2020-05-02 02:11:09	100	4	02:00	2.120000	0.9991	2.020	0.9990	11.79	3.447	0.475	12.737	0	
81A-1678	2020-05-02 02:30:38	101	1	02:00	2.300000	0.9799	2.300	0.9800	11.27	3.449	0.379	11.678	0	
81A-1678	2020-05-02 02:34:12	102	2	02:00	3.800000	0.9991	3.120	0.9978	11.48	3.4	0.475	12.715	0	
81A-1678	2020-05-02 02:37:41	103	3	02:00	2.460000	0.9987	1.850	0.9971	11.39	3.4	0.434	11.897	0	
81A-1678	2020-05-02 02:41:12	104	4	02:00	2.250000	0.9993	2.010	0.9988	11.44	3.447	0.475	12.669	0	
81A-1678	2020-05-02 03:00:38	105	1	02:00	8.120000	0.9193	2.510	0.7791	11.01	3.438	0.378	11.642	0	
81A-1678	2020-05-02 03:04:10	106	2	02:00	3.570000	0.9993	2.970	0.9982	11.31	3.4	0.474	12.681	0	
81A-1678	2020-05-02 03:07:39	107	3	02:00	2.520000	0.9987	1.880	0.9963	11.22	3.4	0.433	11.844	0	
81A-1678	2020-05-02 03:11:11	108	4	02:00	2.040000	0.9991	1.950	0.9991	11.28	3.4	0.475	12.612	0	
81A-1678	2020-05-02 03:30:38	109	1	02:00	4.660000	0.9654	3.000	0.9492	10.75	3.436	0.378	11.595	0	
81A-1678	2020-05-02 03:34:09	110	2	02:00	3.420000	0.9992	3.010	0.9987	11.17	3.4	0.474	12.633	0	
81A-1678	2020-05-02 03:37:38	111	3	02:00	2.210000	0.9987	1.890	0.9983	11.09	3.4	0.433	11.788	0	
81A-1678	2020-05-02 03:41:08	112	4	02:00	2.160000	0.9993	1.970	0.9990	11.05	3.42	0.475	12.558	0	
81A-1678	2020-05-02 04:00:38	113	1	02:00	7.890000	0.9360	2.800	0.8809	10.61	3.444	0.377	11.548	0	
81A-1678	2020-05-02 04:04:08	114	2	02:00	3.940000	0.9997	3.080	0.9983	10.9	3.4	0.474	12.589	0	
81A-1678	2020-05-02 04:07:38	115	3	02:00	2.220000	0.9989	1.760	0.9974	10.81	3.4	0.433	11.732	0	
81A-1678	2020-05-02 04:11:09	116	4	02:00	2.070000	0.9992	1.970	0.9990	10.84	3.407	0.474	12.488	0	
81A-1678	2020-05-02 04:30:38	117	1	02:00	12.820000	0.5545	0.960	0.3823	10.37	3.4	0.377	11.5	0	
81A-1678	2020-05-02 04:34:09	118	2	02:00	4.270000	0.9995	3.210	0.9967	10.65	3.4	0.473	12.538	0	
81A-1678	2020-05-02 04:37:41	119	3	02:00	2.670000	0.9991	1.890	0.9968	10.52	3.4	0.433	11.689	0	
81A-1678	2020-05-02 04:41:12	120	4	02:00	2.170000	0.9994	1.980	0.9991	10.54	3.387	0.474	12.426	0	
81A-1678	2020-05-02 05:00:38	121	1	02:00	3.430000	0.9961	2.150	0.9839	10.13	3.42	0.377	11.461	0	
81A-1678	2020-05-02 05:04:12	122	2	02:00	4.240000	0.9995	3.150	0.9978	10.39	3.4	0.473	12.507	0	
81A-1678	2020-05-02 05:07:42	123	3	02:00	2.270000	0.9988	1.850	0.9978	10.12	3.4	0.432	11.645	0	
81A-1678	2020-05-02 05:11:13	124	4	02:00	2.030000	0.9989	1.940	0.9989	10.11	3.4	0.474	12.373	0	
81A-1678	2020-05-02 05:30:38	125	1	02:00	3.910000	0.9946	1.990	0.9786	9.59	3.509	0.377	11.405	0	
81A-1678	2020-05-02 05:34:09	126	2	02:00	3.440000	0.9992	2.860	0.9979	9.68	3.4	0.473	12.451	0	
81A-1678	2020-05-02 05:37:40	127	3	02:00	2.320000	0.9989	1.900	0.9979	9.56	3.4	0.433	11.578	0	
81A-1678	2020-05-02 05:41:11	128	4	02:00	1.900000	0.9993	1.900	0.9993	9.53	3.458	0.473	12.291	0	
81A-1678	2020-05-02 06:00:38	129	1	02:00	4.470000	0.9976	2.250	0.9832	9.25	3.5	0.376	11.37	0	
81A-1678	2020-05-02 06:04:09	130	2	02:00	3.930000	0.9993	3.010	0.9980	9.43	3.453	0.473	12.408	0	
81A-1678	2020-05-02 06:07:41	131	3	02:00	2.220000	0.9986	1.790	0.9969	9.21	3.4	0.433	11.541	0	
81A-1678	2020-05-02 06:11:11	132	4	02:00	2.060000	0.9994	1.890	0.9991	9.25	3.5	0.474	12.211	0	
81A-1678	2020-05-02 06:30:38	133	1	02:00	7.040000	0.8939	1.720	0.6957	9.22	3.5	0.376	11.312	0	
81A-1678	2020-05-02 06:34:12	134	2	02:00	4.020000	0.9994	3.030	0.9974	9.5	3.525	0.472	12.351	0	
81A-1678	2020-05-02 06:37:45	135	3	02:00	2.460000	0.9991	1.780	0.9963	9.19	3.4	0.432	11.473	0	
81A-1678	2020-05-02 06:41:18	136	4	02:00	2.000000	0.9991	1.910	0.9990	9.4	3.504	0.474	12.146	0	
81A-1678	2020-05-02 07:00:38	137	1	02:00	2.480000	0.9912	2.430	0.9912	9.18	3.5	0.376	11.262	0	
81A-1678	2020-05-02 07:04:08	138	2	02:00	3.760000	0.9992	2.960	0.9979	9.42	3.475	0.472	12.317	0	
81A-1678	2020-05-02 07:07:39	139	3	02:00	2.270000	0.9981	1.860	0.9972	9.5	3.4	0.432	11.439	0	
81A-1678	2020-05-02 07:11:10	140	4	02:00	2.060000	0.9992	1.900	0.9990	9.63	3.5	0.474	12.068	0	
81A-1678	2020-05-02 07:30:38	141	1	02:00	4.220000	0.9959	1.950	0.9704	10.08	3.5	0.376	11.239	0	
81A-1678	2020-05-02 07:34:09	142	2	02:00	3.330000	0.9990	2.900	0.9985	10.17	3.4	0.472	12.304	0	
81A-1678	2020-05-02 07:37:39	143	3	02:00	2.110000	0.9991	1.840	0.9987	10.26	3.4	0.432	11.419	0	
81A-1678	2020-05-02 07:41:09	144	4	02:00	1.930000	0.9989	1.880	0.9988	10.64	3.487	0.474	12.066	0	
81A-1678	2020-05-02 08:00:38	145	1	02:00	2.500000	0.9984	1.930	0.9913	11.01	3.458	0.376	11.231	0	
81A-1678	2020-05-02 08:04:12	146	2	02:00	3.590000	0.9991	2.960	0.9979	11.02	3.4	0.473	12.292	0	
81A-1678	2020-05-02 08:07:42	147	3	02:00	2.270000	0.9992	1.770	0.9975	10.92	3.4	0.432	11.407	0	
81A-1678	2020-05-02 08:11:14	148	4	02:00	2.000000	0.9990	1.910	0.9990	11.57	3.385	0.474	12.043	0	
81A-1678	2020-05-02 08:30:38	149	1	02:00	2.570000	0.9867	1.660	0.9763	11.94	3.4	0.376	11.232	0	
81A-1678	2020-05-02 08:34:12	150	2	02:00	3.160000	0.9990	2.930	0.9989	12.15	3.4	0.473	12.29	0	
81A-1678	2020-05-02 08:37:42	151	3	02:00	2.130000	0.9992	1.950	0.9989	12.3	3.4	0.432	11.42	0	
81A-1678	2020-05-02 08:41:12	152	4	02:00	2.070000	0.9993	1.930	0.9991	12.34	3.4	0.474	12.068	0	
81A-1678	2020-05-02 09:00:38	153	1	02:00	2.620000	0.9919	1.860	0.9884	13.18	3.4	0.375	11.252	0	
81A-1678	2020-05-02 09:04:09	154	2	02:00	3.130000	0.9992	2.750	0.9984	13.84	3.4	0.474	12.339	0	
81A-1678	2020-05-02 09:07:39	155	3	02:00	1.770000	0.9989	1.720	0.9989	14.97	3.4	0.433	11.517	0	
81A-1678	2020-05-02 09:11:09	156	4	02:00	2.080000	0.9993	1.970	0.9992	13.96	3.4	0.475	12.137	0	
81A-1678	2020-05-02 09:30:38	157	1	02:00	2.660000	0.9911	1.560	0.9840	15.43	3.4	0.375	11.333	0	
81A-1678	2020-05-02 09:34:10	158	2	02:00	3.570000	0.9989	2.960	0.9974	14.83	3.4	0.474	12.394	0	
81A-1678	2020-05-02 09:37:42	159	3	02:00	2.310000	0.9988	1.840	0.9971	15.08	3.4	0.434	11.593	0	
81A-1678	2020-05-02 09:41:14	160	4	02:00	2.000000	0.9994	2.000	0.9994	14.99	3.4	0.476	12.291	0	
81A-1678	2020-05-02 10:00:39	161	1	02:00	4.050000	0.9976	1.760	0.9740	16.08	3.4	0.375	11.452	0	
81A-1678	2020-05-02 10:04:10	162	2	02:00	3.220000	0.9991	2.880	0.9985	16.02	3.4	0.475	12.474	0	
81A-1678	2020-05-02 10:07:40	163	3	02:00	2.450000	0.9988	1.790	0.9958	17.2	3.4	0.435	11.721	0	
81A-1678	2020-05-02 10:11:13	164	4	02:00	2.130000	0.9994	2.020	0.9993	15.78	3.4	0.476	12.462	0	
81A-1678	2020-05-02 10:30:38	165	1	02:00	1.940000	0.9951	1.940	0.9951	17.48	3.4	0.374	11.52	0	
81A-1678	2020-05-02 10:34:12	166	2	02:00	3.120000	0.9996	3.040	0.9995	20.65	3.4	0.481	12.695	0	
81A-1678	2020-05-02 10:37:42	167	3	02:00	1.980000	0.9988	1.750	0.9982	20.82	3.3	0.437	11.924	0	
81A-1678	2020-05-02 10:41:12	168	4	02:00	2.060000	0.9993	2.010	0.9993	16.38	3.4	0.476	12.603	0	
81A-1678	2020-05-02 11:00:38	169	1	02:00	2.220000	0.9979	1.820	0.9965	20.19	3.4	0.373	11.679	0	
81A-1678	2020-05-02 11:04:08	170	2	02:00	3.430000	0.9995	3.260	0.9994	20.8	3.4	0.482	13.013	0	
81A-1678	2020-05-02 11:07:38	171	3	02:00	2.350000	0.9989	2.010	0.9980	18.61	3.3	0.44	12.157	0	
81A-1678	2020-05-02 11:11:08	172	4	02:00	2.450000	0.9994	2.180	0.9989	18.35	3.4	0.477	12.79	0	
81A-1678	2020-05-02 11:30:38	173	1	02:00	2.230000	0.9964	1.570	0.9845	20.62	3.4	0.372	11.812	0	
81A-1678	2020-05-02 11:34:11	174	2	02:00	3.370000	0.9997	3.190	0.9996	20.2	3.4	0.479	13.228	0	
81A-1678	2020-05-02 11:37:41	175	3	02:00	2.680000	0.9994	2.180	0.9977	19	3.3	0.439	12.321	0	
81A-1678	2020-05-02 11:41:14	176	4	02:00	2.480000	0.9995	2.270	0.9992	18.59	3.4	0.478	13.047	0	
81A-1678	2020-05-02 12:00:38	177	1	02:00	2.420000	0.9976	1.770	0.9921	20.12	3.4	0.372	12.052	0	
81A-1678	2020-05-02 12:04:12	178	2	02:00	3.630000	0.9997	3.120	0.9986	19.82	3.4	0.478	13.316	0	
81A-1678	2020-05-02 12:07:46	179	3	02:00	2.290000	0.9991	1.880	0.9975	20.08	3.3	0.439	12.452	0	
81A-1678	2020-05-02 12:11:18	180	4	02:00	2.560000	0.9996	2.390	0.9994	21.14	3.4	0.479	13.351	0	
81A-1678	2020-05-02 12:30:38	181	1	02:00	2.350000	0.9966	1.990	0.9956	21.08	3.4	0.37	12.24	0	
81A-1678	2020-05-02 12:34:08	182	2	02:00	3.310000	0.9995	2.990	0.9992	19.59	3.4	0.478	13.377	0	
81A-1678	2020-05-02 12:37:38	183	3	02:00	2.040000	0.9987	1.730	0.9979	20.27	3.3	0.439	12.57	0	
81A-1678	2020-05-02 12:41:08	184	4	02:00	2.600000	0.9993	2.510	0.9993	22.31	3.4	0.48	13.777	0	
81A-1678	2020-05-02 13:00:38	185	1	02:00	3.010000	0.9987	1.680	0.9887	22.73	3.4	0.369	12.405	0	
81A-1678	2020-05-02 13:04:10	186	2	02:00	2.940000	0.9996	2.820	0.9995	21.01	3.3	0.478	13.419	0	
81A-1678	2020-05-02 13:07:40	187	3	02:00	2.260000	0.9991	1.700	0.9963	21.45	3.3	0.439	12.689	0	
81A-1678	2020-05-02 13:11:14	188	4	02:00	2.870000	0.9990	2.870	0.9990	23.69	3.3	0.482	14.457	0.001	
81A-1678	2020-05-02 13:30:38	189	1	02:00	2.280000	0.9970	1.680	0.9901	23.74	3.302	0.37	12.643	0	
81A-1678	2020-05-02 13:34:12	190	2	02:00	3.260000	0.9994	3.000	0.9992	21.28	3.3	0.479	13.476	0	
81A-1678	2020-05-02 13:37:42	191	3	02:00	2.860000	0.9992	1.890	0.9937	23.41	3.3	0.44	12.894	0	
81A-1678	2020-05-02 13:41:14	192	4	02:00	2.970000	0.9997	2.730	0.9994	22.15	3.409	0.48	14.775	0	
81A-1678	2020-05-02 14:00:38	193	1	02:00	1.330000	0.9166	1.330	0.9166	24.53	3.3	0.369	12.77	0	
81A-1678	2020-05-02 14:04:12	194	2	02:00	3.250000	0.9997	3.040	0.9995	22.61	3.3	0.479	13.57	0	
81A-1678	2020-05-02 14:07:42	195	3	02:00	2.700000	0.9992	2.240	0.9978	22.07	3.3	0.44	13.074	0	
81A-1678	2020-05-02 14:11:14	196	4	02:00	2.630000	0.9996	2.580	0.9996	21.06	3.385	0.479	14.909	0	
81A-1678	2020-05-02 14:30:38	197	1	02:00	3.340000	0.9890	1.820	0.9599	24.98	3.3	0.369	12.892	0	
81A-1678	2020-05-02 14:34:10	198	2	02:00	3.170000	0.9997	3.040	0.9996	23.19	3.3	0.479	13.68	0	
81A-1678	2020-05-02 14:37:40	199	3	02:00	3.010000	0.9990	1.950	0.9932	23.02	3.3	0.44	13.183	0	
81A-1678	2020-05-02 14:41:12	200	4	02:00	2.740000	0.9997	2.670	0.9997	21.52	3.3	0.481	15.125	0	
81A-1678	2020-05-02 15:00:38	201	1	02:00	4.570000	0.9906	1.900	0.9527	24.1	3.3	0.368	12.999	0	
81A-1678	2020-05-02 15:04:09	202	2	02:00	3.140000	0.9995	2.960	0.9994	23.39	3.3	0.48	13.758	0	
81A-1678	2020-05-02 15:07:39	203	3	02:00	2.740000	0.9992	2.320	0.9983	23.28	3.3	0.442	13.362	0	
81A-1678	2020-05-02 15:11:09	204	4	02:00	2.740000	0.9994	2.630	0.9994	24.37	3.3	0.48	15.253	0	
81A-1678	2020-05-02 15:30:38	205	1	02:00	2.660000	0.9906	1.780	0.9810	24.73	3.3	0.369	13.186	0	
81A-1678	2020-05-02 15:34:11	206	2	02:00	3.180000	0.9996	2.970	0.9994	22.56	3.3	0.48	13.87	0	
81A-1678	2020-05-02 15:37:41	207	3	02:00	3.080000	0.9972	1.850	0.9872	21.83	3.3	0.439	13.437	0	
81A-1678	2020-05-02 15:41:12	208	4	02:00	2.730000	0.9996	2.610	0.9995	21.71	3.3	0.48	15.535	0	
81A-1678	2020-05-02 16:00:38	209	1	02:00	2.340000	0.9976	1.840	0.9953	26.7	3.3	0.367	13.302	0.001	
81A-1678	2020-05-02 16:04:09	210	2	02:00	3.010000	0.9995	2.920	0.9995	23.42	3.3	0.48	13.936	0	
81A-1678	2020-05-02 16:07:39	211	3	02:00	2.280000	0.9990	1.970	0.9984	22.16	3.3	0.439	13.459	0	
81A-1678	2020-05-02 16:11:10	212	4	02:00	2.840000	0.9994	2.600	0.9991	22.21	3.3	0.479	15.642	0	
81A-1678	2020-05-02 16:30:38	213	1	02:00	1.590000	0.9841	1.590	0.9841	24.49	3.3	0.367	13.424	0	
81A-1678	2020-05-02 16:34:12	214	2	02:00	3.090000	0.9996	3.070	0.9996	22.25	3.3	0.479	13.979	0	
81A-1678	2020-05-02 16:37:42	215	3	02:00	2.710000	0.9988	2.010	0.9961	22.36	3.3	0.439	13.481	0	
81A-1678	2020-05-02 16:41:15	216	4	02:00	2.700000	0.9997	2.620	0.9997	21.7	3.3	0.478	15.633	0	
81A-1678	2020-05-02 17:00:38	217	1	02:00	1.890000	0.9894	1.890	0.9894	23.69	3.3	0.366	13.483	0	
81A-1678	2020-05-02 17:04:12	218	2	02:00	3.770000	0.9998	3.220	0.9988	21.81	3.3	0.479	14.022	0	
81A-1678	2020-05-02 17:07:45	219	3	02:00	2.190000	0.9995	2.040	0.9993	24.34	3.3	0.439	13.502	0	
81A-1678	2020-05-02 17:11:15	220	4	02:00	2.820000	0.9995	2.530	0.9991	20.99	3.3	0.477	15.57	0	
81A-1678	2020-05-02 17:30:38	221	1	02:00	2.980000	0.9952	2.190	0.9899	21.56	3.3	0.364	13.481	0	
81A-1678	2020-05-02 17:34:09	222	2	02:00	3.400000	0.9995	3.160	0.9993	22.92	3.3	0.479	14.035	0	
81A-1678	2020-05-02 17:37:39	223	3	02:00	2.610000	0.9990	2.220	0.9983	21.03	3.3	0.439	13.516	0	
81A-1678	2020-05-02 17:41:10	224	4	02:00	2.710000	0.9995	2.420	0.9991	19.71	3.3	0.476	15.447	0	
81A-1678	2020-05-02 18:00:38	225	1	02:00	3.910000	0.9960	2.100	0.9818	19.63	3.3	0.363	13.432	0	
81A-1678	2020-05-02 18:04:09	226	2	02:00	3.900000	0.9997	3.300	0.9987	19.32	3.3	0.478	14.04	0	
81A-1678	2020-05-02 18:07:40	227	3	02:00	2.380000	0.9987	1.980	0.9979	19.31	3.3	0.438	13.509	0	
81A-1678	2020-05-02 18:11:11	228	4	02:00	2.800000	0.9993	2.460	0.9988	18.81	3.315	0.476	15.327	0	
81A-1678	2020-05-02 18:30:38	229	1	02:00	3.080000	0.9834	3.080	0.9834	18.94	3.3	0.362	13.388	0	
81A-1678	2020-05-02 18:34:12	230	2	02:00	4.310000	0.9996	3.430	0.9976	18.89	3.3	0.477	14.028	0	
81A-1678	2020-05-02 18:37:45	231	3	02:00	2.610000	0.9992	2.080	0.9981	18.74	3.3	0.437	13.466	0	
81A-1678	2020-05-02 18:41:17	232	4	02:00	2.720000	0.9994	2.440	0.9990	18.52	3.3	0.476	15.204	0	
81A-1678	2020-05-02 19:00:38	233	1	02:00					18.4218	3.3	0.362	13.3259	0	
81A-1678	2020-05-02 19:04:10	234	2	02:00	4.290000	0.9996	3.420	0.9985	18.33	3.3	0.476	14.001	0	
81A-1678	2020-05-02 19:07:41	235	3	02:00	2.610000	0.9993	2.200	0.9987	18.1	3.3	0.436	13.445	0	
81A-1678	2020-05-02 19:11:12	236	4	02:00	2.890000	0.9993	2.390	0.9984	18.02	3.309	0.476	15.109	0	
81A-1678	2020-05-02 19:30:38	237	1	02:00	0.990000	0.8802	0.820	0.8845	17.44	3.342	0.363	13.263	0	
81A-1678	2020-05-02 19:34:10	238	2	02:00	4.080000	0.9996	3.340	0.9983	17.21	3.3	0.475	13.992	0	
81A-1678	2020-05-02 19:37:43	239	3	02:00	2.570000	0.9991	2.140	0.9977	17.01	3.3	0.436	13.388	0	
81A-1678	2020-05-02 19:41:14	240	4	02:00	2.660000	0.9992	2.400	0.9989	16.79	3.316	0.475	15.014	0	
81A-1678	2020-05-02 20:00:38	241	1	02:00	2.800000	0.9871	2.450	0.9865	16.47	3.393	0.362	13.192	0	
81A-1678	2020-05-02 20:04:08	242	2	02:00	4.100000	0.9996	3.400	0.9988	16.29	3.3	0.475	13.957	0	
81A-1678	2020-05-02 20:07:40	243	3	02:00	3.000000	0.9993	2.230	0.9977	16.12	3.3	0.436	13.323	0	
81A-1678	2020-05-02 20:11:12	244	4	02:00	2.530000	0.9995	2.360	0.9993	15.95	3.4	0.475	14.903	0	
81A-1678	2020-05-02 20:30:38	245	1	02:00	10.100000	0.9793	2.340	0.8649	15.68	3.409	0.361	13.127	0	
81A-1678	2020-05-02 20:34:10	246	2	02:00	3.930000	0.9994	3.320	0.9985	15.53	3.311	0.474	13.917	0	
81A-1678	2020-05-02 20:37:40	247	3	02:00	3.600000	0.9703	3.600	0.9703	15.32	3.3	0.435	13.273	0	
81A-1678	2020-05-02 20:41:14	248	4	02:00	2.480000	0.9995	2.310	0.9993	15.15	3.4	0.474	14.787	0	
81A-1678	2020-05-02 21:00:38	249	1	02:00	2.500000	0.9875	1.930	0.9854	14.82	3.4	0.361	13.051	0	
81A-1678	2020-05-02 21:04:08	250	2	02:00	4.440000	0.9995	3.360	0.9979	14.79	3.4	0.474	13.86	0	
81A-1678	2020-05-02 21:07:39	251	3	02:00	2.940000	0.9991	2.180	0.9968	14.65	3.3	0.435	13.196	0	
81A-1678	2020-05-02 21:11:12	252	4	02:00	2.570000	0.9993	2.310	0.9989	14.63	3.4	0.475	14.674	0	
81A-1678	2020-05-02 21:30:38	253	1	02:00	4.590000	0.9204	1.630	0.8054	14.22	3.4	0.361	12.974	0	
81A-1678	2020-05-02 21:34:12	254	2	02:00	4.020000	0.9992	3.400	0.9983	14.14	3.4	0.473	13.807	0	
81A-1678	2020-05-02 21:37:42	255	3	02:00	3.030000	0.9991	2.230	0.9975	13.89	3.3	0.434	13.123	0	
81A-1678	2020-05-02 21:41:13	256	4	02:00	2.630000	0.9995	2.270	0.9990	13.84	3.4	0.474	14.54	0	
81A-1678	2020-05-02 22:00:38	257	1	02:00	2.570000	0.9824	1.710	0.9773	13.51	3.4	0.359	12.909	0	
81A-1678	2020-05-02 22:04:10	258	2	02:00	4.040000	0.9992	3.260	0.9983	13.5	3.4	0.473	13.755	0	
81A-1678	2020-05-02 22:07:41	259	3	02:00	2.640000	0.9993	2.110	0.9983	13.38	3.3	0.434	13.052	0	
81A-1678	2020-05-02 22:11:12	260	4	02:00	2.430000	0.9994	2.260	0.9993	13.31	3.4	0.474	14.415	0	
81A-1678	2020-05-02 22:30:38	261	1	02:00	2.550000	0.9740	1.950	0.9730	13.06	3.4	0.359	12.824	0	
81A-1678	2020-05-02 22:34:09	262	2	02:00	3.990000	0.9996	3.190	0.9984	13.09	3.4	0.472	13.687	0	
81A-1678	2020-05-02 22:37:40	263	3	02:00	2.560000	0.9991	2.070	0.9980	12.9	3.3	0.433	12.97	0	
81A-1678	2020-05-02 22:41:11	264	4	02:00	2.350000	0.9993	2.220	0.9992	12.88	3.4	0.473	14.275	0	
81A-1678	2020-05-02 23:00:38	265	1	02:00	3.880000	0.9916	1.610	0.9417	12.84	3.4	0.359	12.742	0	
81A-1678	2020-05-02 23:04:08	266	2	02:00	3.940000	0.9989	3.190	0.9979	12.89	3.4	0.472	13.625	0	
81A-1678	2020-05-02 23:07:39	267	3	02:00	2.920000	0.9991	2.090	0.9963	12.78	3.3	0.433	12.896	0	
81A-1678	2020-05-02 23:11:13	268	4	02:00	2.440000	0.9994	2.240	0.9992	12.84	3.4	0.473	14.164	0	
81A-1678	2020-05-02 23:30:38	269	1	02:00	1.900000	0.9273	1.780	0.9294	12.73	3.4	0.359	12.684	0	
81A-1678	2020-05-02 23:34:11	270	2	02:00	4.190000	0.9995	3.310	0.9979	12.78	3.4	0.472	13.573	0	
81A-1678	2020-05-02 23:37:44	271	3	02:00	2.490000	0.9994	2.060	0.9986	12.68	3.3	0.433	12.821	0	
81A-1678	2020-05-02 23:41:15	272	4	02:00	2.430000	0.9995	2.220	0.9992	12.62	3.4	0.473	14.078	0	
81A-1678	2020-05-03 00:00:38	273	1	02:00	4.460000	0.9843	1.920	0.9541	12.45	3.4	0.358	12.598	0	
81A-1678	2020-05-03 00:04:09	274	2	02:00	4.120000	0.9994	3.290	0.9984	12.5	3.4	0.472	13.515	0	
81A-1678	2020-05-03 00:07:40	275	3	02:00	2.620000	0.9991	2.100	0.9979	12.4	3.3	0.433	12.773	0	
81A-1678	2020-05-03 00:11:11	276	4	02:00	2.460000	0.9991	2.230	0.9988	12.37	3.4	0.473	13.967	0	
81A-1678	2020-05-03 00:30:38	277	1	02:00	2.280000	0.9974	1.890	0.9961	12.35	3.4	0.358	12.547	0	
81A-1678	2020-05-03 00:34:09	278	2	02:00	3.610000	0.9994	3.200	0.9990	12.44	3.4	0.472	13.462	0	
81A-1678	2020-05-03 00:37:39	279	3	02:00	2.680000	0.9987	2.010	0.9966	12.4	3.3	0.432	12.71	0	
81A-1678	2020-05-03 00:41:11	280	4	02:00	2.320000	0.9992	2.190	0.9991	12.43	3.4	0.473	13.868	0	
81A-1678	2020-05-03 01:00:38	281	1	02:00	3.370000	0.9962	1.950	0.9885	12.73	3.4	0.358	12.507	0	
81A-1678	2020-05-03 01:04:10	282	2	02:00	3.750000	0.9989	3.270	0.9984	12.86	3.4	0.472	13.428	0	
81A-1678	2020-05-03 01:07:40	283	3	02:00	2.480000	0.9987	2.070	0.9976	12.75	3.3	0.432	12.661	0	
81A-1678	2020-05-03 01:11:10	284	4	02:00	2.350000	0.9989	2.200	0.9988	12.74	3.4	0.473	13.803	0	
81A-1678	2020-05-03 01:30:38	285	1	02:00	4.490000	0.9871	1.800	0.9563	13.12	3.4	0.358	12.471	0	
81A-1678	2020-05-03 01:34:12	286	2	02:00	4.110000	0.9991	3.290	0.9976	13.18	3.4	0.471	13.402	0	
81A-1678	2020-05-03 01:37:44	287	3	02:00	2.480000	0.9987	2.070	0.9978	13.15	3.3	0.432	12.632	0	
81A-1678	2020-05-03 01:41:14	288	4	02:00	2.610000	0.9995	2.250	0.9989	13.14	3.4	0.473	13.743	0	
81A-1678	2020-05-03 02:00:38	289	1	02:00	2.290000	0.9891	1.950	0.9847	13.5	3.4	0.358	12.437	0	
81A-1678	2020-05-03 02:04:09	290	2	02:00	4.160000	0.9991	3.270	0.9974	13.58	3.4	0.472	13.367	0	
81A-1678	2020-05-03 02:07:41	291	3	02:00	2.560000	0.9993	2.050	0.9981	13.58	3.3	0.433	12.608	0	
81A-1678	2020-05-03 02:11:12	292	4	02:00	2.400000	0.9994	2.200	0.9991	13.5	3.4	0.473	13.71	0	
81A-1678	2020-05-03 02:30:38	293	1	02:00	3.890000	0.8703	1.570	0.8437	13.7	3.4	0.358	12.399	0	
81A-1678	2020-05-03 02:34:12	294	2	02:00	3.820000	0.9992	3.140	0.9981	13.71	3.391	0.472	13.351	0	
81A-1678	2020-05-03 02:37:42	295	3	02:00	2.620000	0.9990	2.000	0.9977	13.69	3.3	0.433	12.573	0	
81A-1678	2020-05-03 02:41:14	296	4	02:00	2.340000	0.9991	2.170	0.9989	13.64	3.4	0.473	13.681	0	
81A-1678	2020-05-03 03:00:38	297	1	02:00	2.820000	0.9823	2.480	0.9818	14.04	3.365	0.358	11.155	0	
81A-1678	2020-05-03 03:04:08	298	2	02:00	4.000000	0.9996	3.260	0.9984	14.08	3.338	0.471	13.336	0	
81A-1678	2020-05-03 03:07:41	299	3	02:00	2.550000	0.9992	2.030	0.9980	14.1	3.3	0.432	12.574	0	
81A-1678	2020-05-03 03:11:12	300	4	02:00	2.290000	0.9993	2.150	0.9992	14.01	3.4	0.473	13.65	0	
81A-1678	2020-05-03 03:30:38	301	1	02:00	1.540000	0.9490	1.540	0.9490	14.16	3.344	0.358	12.386	0	
81A-1678	2020-05-03 03:34:12	302	2	02:00	4.160000	0.9989	3.270	0.9976	14.19	3.353	0.471	13.322	0	
81A-1678	2020-05-03 03:37:43	303	3	02:00	2.550000	0.9989	2.050	0.9979	14.16	3.3	0.432	12.548	0	
81A-1678	2020-05-03 03:41:14	304	4	02:00	2.470000	0.9992	2.220	0.9988	14.08	3.4	0.473	13.628	0	
81A-1678	2020-05-03 04:00:38	305	1	02:00	3.820000	0.9802	3.070	0.9786	14.2	3.404	0.358	12.364	0	
81A-1678	2020-05-03 04:04:08	306	2	02:00	4.210000	0.9996	3.290	0.9986	14.23	3.327	0.471	13.304	0	
81A-1678	2020-05-03 04:07:40	307	3	02:00	2.670000	0.9991	2.090	0.9981	14.25	3.3	0.432	12.543	0	
81A-1678	2020-05-03 04:11:12	308	4	02:00	2.340000	0.9993	2.150	0.9991	14.14	3.362	0.473	13.613	0	
81A-1678	2020-05-03 04:30:38	309	1	02:00	5.240000	0.9957	2.280	0.9671	14.16	3.36	0.357	11.713	0	
81A-1678	2020-05-03 04:34:12	310	2	02:00	4.260000	0.9993	3.330	0.9976	14.15	3.338	0.471	13.296	0	
81A-1678	2020-05-03 04:37:44	311	3	02:00	2.720000	0.9987	2.180	0.9976	14.16	3.3	0.432	12.528	0	
81A-1678	2020-05-03 04:41:15	312	4	02:00	2.330000	0.9990	2.170	0.9989	14.07	3.351	0.473	13.601	0	
81A-1678	2020-05-03 05:00:38	313	1	02:00	1.890000	0.3588	2.400	0.9818	14.2	3.34	0.358	12.375	0	
81A-1678	2020-05-03 05:04:09	314	2	02:00	3.860000	0.9991	3.300	0.9985	14.23	3.333	0.471	13.299	0	
81A-1678	2020-05-03 05:07:39	315	3	02:00	2.330000	0.9993	2.070	0.9990	14.25	3.3	0.432	12.54	0	
81A-1678	2020-05-03 05:11:09	316	4	02:00	2.470000	0.9992	2.180	0.9986	14.13	3.34	0.473	13.594	0	
81A-1678	2020-05-03 05:30:38	317	1	02:00	2.570000	0.9888	1.490	0.9682	14.54	3.36	0.358	12.328	0	
81A-1678	2020-05-03 05:34:11	318	2	02:00	3.510000	0.9994	3.100	0.9990	14.71	3.338	0.471	13.313	0	
81A-1678	2020-05-03 05:37:41	319	3	02:00	2.530000	0.9987	2.120	0.9977	14.87	3.3	0.432	12.536	0	
81A-1678	2020-05-03 05:41:11	320	4	02:00	2.350000	0.9995	2.210	0.9993	14.82	3.36	0.473	13.586	0	
81A-1678	2020-05-03 06:00:38	321	1	02:00	2.960000	0.9854	1.600	0.9780	14.97	3.32	0.358	12.158	0	
81A-1678	2020-05-03 06:04:10	322	2	02:00	3.890000	0.9995	3.190	0.9983	15.03	3.3	0.471	13.299	0	
81A-1678	2020-05-03 06:07:41	323	3	02:00	2.320000	0.9991	2.090	0.9989	14.97	3.3	0.432	11.31	0	
81A-1678	2020-05-03 06:11:11	324	4	02:00	2.280000	0.9992	2.160	0.9991	14.77	3.282	0.473	13.573	0	
81A-1678	2020-05-03 06:30:38	325	1	02:00	3.850000	0.9989	1.950	0.9818	15.24	3.305	0.357	12.234	0	
81A-1678	2020-05-03 06:34:09	326	2	02:00	3.940000	0.9993	3.260	0.9978	15.34	3.3	0.471	13.306	0	
81A-1678	2020-05-03 06:37:41	327	3	02:00	2.140000	0.9992	1.900	0.9987	15.28	3.3	0.432	12.54	0	
81A-1678	2020-05-03 06:41:11	328	4	02:00	2.490000	0.9992	2.260	0.9990	15.3	3.318	0.473	13.575	0	
81A-1678	2020-05-03 07:00:38	329	1	02:00	5.420000	0.7693	0.810	0.7156	14.8	3.3	0.357	11.467	0	
81A-1678	2020-05-03 07:04:09	330	2	02:00	4.610000	0.9993	3.380	0.9974	14.79	3.3	0.471	13.289	0	
81A-1678	2020-05-03 07:07:40	331	3	02:00	2.440000	0.9991	2.040	0.9984	14.65	3.3	0.432	12.527	0	
81A-1678	2020-05-03 07:11:11	332	4	02:00	2.310000	0.9989	2.130	0.9986	14.49	3.325	0.473	13.564	0	
81A-1678	2020-05-03 07:30:38	333	1	02:00	2.050000	0.9931	2.050	0.9931	14.56	3.405	0.357	12.241	0	
81A-1678	2020-05-03 07:34:12	334	2	02:00	4.190000	0.9992	3.200	0.9977	14.57	3.3	0.471	13.289	0	
81A-1678	2020-05-03 07:37:43	335	3	02:00	2.850000	0.9989	2.080	0.9975	14.56	3.3	0.431	11.667	0	
81A-1678	2020-05-03 07:41:14	336	4	02:00	2.570000	0.9989	2.230	0.9984	14.4	3.296	0.473	13.555	0	
81A-1678	2020-05-03 08:00:38	337	1	02:00	3.250000	0.9977	2.460	0.9960	14.7	3.307	0.357	12.111	0	
81A-1678	2020-05-03 08:04:09	338	2	02:00	3.860000	0.9994	3.100	0.9979	14.68	3.3	0.471	13.297	0	
81A-1678	2020-05-03 08:07:41	339	3	02:00	2.800000	0.9990	2.120	0.9975	14.7	3.3	0.432	12.55	0	
81A-1678	2020-05-03 08:11:13	340	4	02:00	2.390000	0.9994	2.180	0.9992	14.52	3.296	0.473	13.562	0	
81A-1678	2020-05-03 08:30:38	341	1	02:00	3.460000	0.9964	3.330	0.9964	14.84	3.3	0.357	11.997	0	
81A-1678	2020-05-03 08:34:08	342	2	02:00	3.820000	0.9993	3.130	0.9980	14.83	3.3	0.47	13.3	0	
81A-1678	2020-05-03 08:37:39	343	3	02:00	2.730000	0.9988	2.130	0.9975	14.85	3.3	0.431	12.543	0	
81A-1678	2020-05-03 08:41:10	344	4	02:00	2.320000	0.9995	2.170	0.9994	14.69	3.3	0.473	13.574	0	
81A-1678	2020-05-03 09:00:38	345	1	02:00	5.380000	0.9864	1.950	0.9381	15.1	3.3	0.357	12.116	0	
81A-1678	2020-05-03 09:04:09	346	2	02:00	4.230000	0.9996	3.330	0.9983	15.1	3.3	0.471	13.321	0	
81A-1678	2020-05-03 09:07:41	347	3	02:00	2.770000	0.9994	2.200	0.9982	15.06	3.3	0.432	12.482	0	
81A-1678	2020-05-03 09:11:12	348	4	02:00	2.400000	0.9993	2.180	0.9991	14.88	3.3	0.473	13.581	0	
81A-1678	2020-05-03 09:30:38	349	1	02:00	3.080000	0.9931	2.750	0.9918	15.34	3.3	0.358	12.295	0	
81A-1678	2020-05-03 09:34:08	350	2	02:00	4.080000	0.9993	3.330	0.9984	15.3	3.3	0.471	13.325	0	
81A-1678	2020-05-03 09:37:39	351	3	02:00	2.890000	0.9987	2.170	0.9971	15.23	3.3	0.431	12.075	0	
81A-1678	2020-05-03 09:41:11	352	4	02:00	2.710000	0.9992	2.340	0.9985	15.12	3.3	0.473	13.6	0	
81A-1678	2020-05-03 10:00:38	353	1	02:00	10.480000	0.8853	1.370	0.4939	15.71	3.3	0.358	12.164	0	
81A-1678	2020-05-03 10:04:11	354	2	02:00	4.090000	0.9994	3.440	0.9988	15.55	3.3	0.471	13.349	0	
81A-1678	2020-05-03 10:07:42	355	3	02:00	2.730000	0.9988	2.240	0.9981	15.52	3.3	0.431	12.608	0	
81A-1678	2020-05-03 10:11:13	356	4	02:00	2.590000	0.9991	2.310	0.9988	15.44	3.3	0.473	13.659	0	
81A-1678	2020-05-03 10:30:38	357	1	02:00	4.040000	0.9823	1.400	0.9429	15.55	3.3	0.358	12.025	0	
81A-1678	2020-05-03 10:34:12	358	2	02:00	3.940000	0.9993	3.360	0.9985	15.48	3.3	0.471	13.362	0	
81A-1678	2020-05-03 10:37:42	359	3	02:00	2.710000	0.9991	2.260	0.9983	15.44	3.3	0.43	12.607	0	
81A-1678	2020-05-03 10:41:13	360	4	02:00	2.420000	0.9994	2.290	0.9993	15.37	3.3	0.473	13.652	0	
81A-1678	2020-05-03 11:00:38	361	1	02:00	5.260000	0.9576	1.550	0.8976	15.59	3.3	0.357	11.607	0	
81A-1678	2020-05-03 11:04:11	362	2	02:00	4.580000	0.9996	3.540	0.9978	15.35	3.3	0.47	13.376	0	
81A-1678	2020-05-03 11:07:44	363	3	02:00	3.090000	0.9996	2.420	0.9984	15.23	3.3	0.423	12.576	0	
81A-1678	2020-05-03 11:11:15	364	4	02:00	2.900000	0.9993	2.390	0.9984	15.15	3.3	0.473	13.696	0	
81A-1678	2020-05-03 11:30:38	365	1	02:00	4.860000	0.9521	4.860	0.9521	15.78	3.3	0.358	12.984	0	
81A-1678	2020-05-03 11:34:12	366	2	02:00	4.860000	0.9992	3.720	0.9974	15.5	3.3	0.471	13.4	0	
81A-1678	2020-05-03 11:37:45	367	3	02:00	3.350000	0.9993	2.460	0.9976	15.42	3.3	0.42	12.136	0	
81A-1678	2020-05-03 11:41:16	368	4	02:00	2.720000	0.9995	2.440	0.9991	15.34	3.3	0.473	13.712	0	
81A-1678	2020-05-03 12:00:38	369	1	02:00	12.120000	0.7293	0.760	0.2547	15.46	3.3	0.361	12.551	0	
81A-1678	2020-05-03 12:04:11	370	2	02:00	5.640000	0.9992	3.920	0.9954	15.35	3.3	0.479	13.422	0	
81A-1678	2020-05-03 12:07:44	371	3	02:00	3.260000	0.9996	2.570	0.9983	15.28	3.3	0.426	11.901	0	
81A-1678	2020-05-03 12:11:15	372	4	02:00	2.890000	0.9995	2.590	0.9990	15.23	3.3	0.465	13.743	0	
81A-1678	2020-05-03 12:30:38	373	1	02:00	4.870000	0.9892	2.220	0.9718	16.34	3.3	0.367	12.289	0	
81A-1678	2020-05-03 12:34:10	374	2	02:00	4.690000	0.9996	3.850	0.9985	16.49	3.3	0.486	13.459	0	
81A-1678	2020-05-03 12:37:42	375	3	02:00	3.290000	0.9995	2.610	0.9981	16.6	3.3	0.429	12.75	0	
81A-1678	2020-05-03 12:41:15	376	4	02:00	2.850000	0.9988	2.640	0.9987	16.67	3.3	0.466	13.969	0	
81A-1678	2020-05-03 13:00:38	377	1	02:00	4.940000	0.9893	2.500	0.9755	17.96	3.3	0.368	11.887	0	
81A-1678	2020-05-03 13:04:09	378	2	02:00	4.190000	0.9997	3.720	0.9993	17.98	3.3	0.486	13.518	0	
81A-1678	2020-05-03 13:07:40	379	3	02:00	3.300000	0.9996	2.660	0.9982	18.27	3.225	0.429	12.851	0	
81A-1678	2020-05-03 13:11:14	380	4	02:00	2.750000	0.9995	2.590	0.9993	18.08	3.3	0.475	13.964	0	
81A-1678	2020-05-03 13:30:38	381	1	02:00	5.440000	0.9790	2.250	0.9257	17.96	3.3	0.368	12.735	0	
81A-1678	2020-05-03 13:34:09	382	2	02:00	4.130000	0.9998	3.710	0.9995	17.87	3.3	0.486	13.618	0	
81A-1678	2020-05-03 13:37:39	383	3	02:00	3.490000	0.9994	2.720	0.9981	18.06	3.3	0.429	12.834	0	
81A-1678	2020-05-03 13:41:10	384	4	02:00	2.990000	0.9992	2.660	0.9986	17.87	3.3	0.478	14.094	0	
81A-1678	2020-05-03 14:00:38	385	1	02:00	5.030000	0.9831	2.570	0.9635	19.07	3.4	0.368	12.715	0	
81A-1678	2020-05-03 14:04:09	386	2	02:00	4.430000	0.9997	3.990	0.9994	19.05	3.4	0.487	13.683	0	
81A-1678	2020-05-03 14:07:38	387	3	02:00	3.150000	0.9995	2.680	0.9988	19.47	3.3	0.429	13.071	0	
81A-1678	2020-05-03 14:11:09	388	4	02:00	2.880000	0.9990	2.750	0.9989	19.16	3.4	0.479	14.242	0	
81A-1678	2020-05-03 14:30:38	389	1	02:00	2.340000	0.9935	2.340	0.9935	20.92	3.4	0.369	12.854	0	
81A-1678	2020-05-03 14:34:12	390	2	02:00	4.720000	0.9995	3.900	0.9984	20.83	3.4	0.487	13.798	0	
81A-1678	2020-05-03 14:37:42	391	3	02:00	3.510000	0.9995	2.810	0.9983	21.28	3.3	0.429	13.233	0	
81A-1678	2020-05-03 14:41:12	392	4	02:00	2.990000	0.9993	2.830	0.9992	20.66	3.4	0.481	14.468	0	
81A-1678	2020-05-03 15:00:38	393	1	02:00	3.110000	0.9916	2.480	0.9881	22.08	3.4	0.368	13.016	0	
81A-1678	2020-05-03 15:04:09	394	2	02:00	4.900000	0.9997	4.120	0.9987	21.79	3.404	0.486	13.933	0	
81A-1678	2020-05-03 15:07:41	395	3	02:00	2.960000	0.9994	2.750	0.9993	22.02	3.3	0.431	13.398	0	
81A-1678	2020-05-03 15:11:10	396	4	02:00	3.100000	0.9996	2.950	0.9995	21.71	3.4	0.481	14.706	0	
81A-1678	2020-05-03 15:30:38	397	1	02:00	2.710000	0.9956	2.640	0.9956	23.63	3.4	0.366	13.214	0	
81A-1678	2020-05-03 15:34:08	398	2	02:00	4.240000	0.9997	3.900	0.9994	22.81	3.356	0.486	14.08	0	
81A-1678	2020-05-03 15:37:37	399	3	02:00	3.440000	0.9996	2.820	0.9983	23.61	3.3	0.431	13.559	0	
81A-1678	2020-05-03 15:41:09	400	4	02:00	2.900000	0.9995	2.900	0.9995	23.8	3.4	0.479	15.043	0	
81A-1678	2020-05-03 16:00:38	401	1	02:00	2.880000	0.9972	2.880	0.9972	26.71	3.4	0.364	13.437	0	
81A-1678	2020-05-03 16:04:11	402	2	02:00	4.380000	0.9994	4.070	0.9992	24.67	3.3	0.483	14.216	0	
81A-1678	2020-05-03 16:07:40	403	3	02:00	3.940000	0.9983	2.450	0.9903	24.18	3.3	0.432	13.697	0	
81A-1678	2020-05-03 16:11:11	404	4	02:00	3.410000	0.9997	2.990	0.9990	24.22	3.4	0.478	15.343	0	
81A-1678	2020-05-03 16:30:38	405	1	02:00	2.870000	0.9893	2.080	0.9809	25.13	3.4	0.362	13.592	0	
81A-1678	2020-05-03 16:34:10	406	2	02:00	4.160000	0.9995	4.000	0.9995	23.78	3.3	0.48	14.316	0	
81A-1678	2020-05-03 16:37:39	407	3	02:00	3.510000	0.9996	2.780	0.9981	23.94	3.3	0.432	13.836	0	
81A-1678	2020-05-03 16:41:11	408	4	02:00	2.940000	0.9996	2.940	0.9996	23.97	3.4	0.478	15.536	0	
81A-1678	2020-05-03 17:00:38	409	1	02:00	3.530000	0.9972	2.870	0.9952	24.11	3.4	0.362	13.7	0	
81A-1678	2020-05-03 17:04:07	410	2	02:00	4.110000	0.9983	3.850	0.9982	23.45	3.398	0.478	14.413	0	
81A-1678	2020-05-03 17:07:36	411	3	02:00	3.200000	0.9996	2.810	0.9989	23.32	3.3	0.433	13.927	0	
81A-1678	2020-05-03 17:11:05	412	4	02:00	2.990000	0.9996	2.820	0.9995	23.3	3.365	0.477	15.637	0	
81A-1678	2020-05-03 17:30:38	413	1	02:00	2.040000	0.9977	2.040	0.9977	23.5	3.4	0.362	13.751	0	
81A-1678	2020-05-03 17:34:11	414	2	02:00	4.840000	0.9988	3.910	0.9972	23.15	3.4	0.476	14.491	0	
81A-1678	2020-05-03 17:37:43	415	3	02:00	3.660000	0.9993	2.790	0.9978	23.12	3.3	0.434	13.995	0	
81A-1678	2020-05-03 17:41:12	416	4	02:00	3.060000	0.9996	2.800	0.9994	22.77	3.4	0.477	15.672	0	
81A-1678	2020-05-03 18:00:38	417	1	02:00	2.560000	0.9983	2.470	0.9982	22.91	3.4	0.362	13.802	0	
81A-1678	2020-05-03 18:04:08	418	2	02:00	5.100000	0.9994	4.090	0.9978	22.46	3.4	0.475	14.562	0	
81A-1678	2020-05-03 18:07:41	419	3	02:00	3.790000	0.9996	2.760	0.9976	22.49	3.3	0.434	14.065	0	
81A-1678	2020-05-03 18:11:11	420	4	02:00	3.000000	0.9996	2.790	0.9994	22.05	3.4	0.477	15.699	0	
81A-1678	2020-05-03 18:30:38	421	1	02:00	1.770000	0.9559	1.770	0.9559	22.29	3.4	0.361	13.83	0	
81A-1678	2020-05-03 18:34:11	422	2	02:00	5.820000	0.9996	4.300	0.9970	21.93	3.4	0.475	14.6	0	
81A-1678	2020-05-03 18:37:43	423	3	02:00	3.690000	0.9995	2.720	0.9972	21.92	3.3	0.434	14.102	0	
81A-1678	2020-05-03 18:41:15	424	4	02:00	2.980000	0.9997	2.780	0.9995	21.54	3.4	0.477	15.721	0	
81A-1678	2020-05-03 19:00:38	425	1	02:00	3.480000	0.9859	3.480	0.9859	21.46	3.4	0.361	13.835	0	
81A-1678	2020-05-03 19:04:11	426	2	02:00	6.570000	0.9992	4.490	0.9958	21.19	3.4	0.475	14.652	0	
81A-1678	2020-05-03 19:07:43	427	3	02:00	3.680000	0.9996	2.770	0.9980	21.12	3.287	0.434	14.13	0	
81A-1678	2020-05-03 19:11:13	428	4	02:00	3.040000	0.9995	2.750	0.9991	20.86	3.4	0.477	15.721	0	
81A-1678	2020-05-03 19:30:38	429	1	02:00	2.660000	0.9972	2.660	0.9972	21	3.4	0.359	13.829	0	
81A-1678	2020-05-03 19:34:11	430	2	02:00	6.370000	0.9996	4.500	0.9968	20.82	3.4	0.474	14.652	0	
81A-1678	2020-05-03 19:37:43	431	3	02:00	3.350000	0.9995	2.700	0.9985	20.68	3.3	0.434	14.136	0	
81A-1678	2020-05-03 19:41:14	432	4	02:00	2.800000	0.9993	2.660	0.9993	20.44	3.4	0.477	15.725	0	
81A-1678	2020-05-03 20:00:38	433	1	02:00	4.790000	0.9978	2.600	0.9813	20.04	3.4	0.359	13.832	0	
81A-1678	2020-05-03 20:04:09	434	2	02:00	5.530000	0.9995	4.200	0.9979	19.81	3.4	0.474	14.671	0	
81A-1678	2020-05-03 20:07:39	435	3	02:00	3.480000	0.9995	2.660	0.9981	19.68	3.3	0.433	14.144	0	
81A-1678	2020-05-03 20:11:09	436	4	02:00	3.020000	0.9995	2.670	0.9990	19.53	3.4	0.476	15.721	0	
81A-1678	2020-05-03 20:30:37	437	1	02:00	4.100000	0.9866	1.870	0.9610	19.38	3.4	0.358	13.833	0	
81A-1678	2020-05-03 20:34:11	438	2	02:00	5.660000	0.9995	4.300	0.9976	19.24	3.4	0.473	14.661	0	
81A-1678	2020-05-03 20:37:44	439	3	02:00	3.320000	0.9993	2.750	0.9982	19.23	3.358	0.433	14.116	0	
81A-1678	2020-05-03 20:41:13	440	4	02:00	2.790000	0.9991	2.520	0.9987	19.04	3.4	0.476	15.671	0	
81A-1678	2020-05-03 21:00:37	441	1	02:00	5.100000	0.8390	0.580	0.7330	19.03	3.4	0.358	13.801	0	
81A-1678	2020-05-03 21:04:09	442	2	02:00	6.650000	0.9997	4.390	0.9966	18.97	3.4	0.473	14.675	0	
81A-1678	2020-05-03 21:07:38	443	3	02:00	4.580000	0.9993	2.810	0.9957	18.95	3.4	0.433	14.103	0	
81A-1678	2020-05-03 21:11:08	444	4	02:00	3.340000	0.9997	2.850	0.9992	18.85	3.4	0.476	15.638	0	
81A-1678	2020-05-03 21:30:38	445	1	02:00	23.910000	0.8423	0.840	0.6710	18.64	3.4	0.357	13.772	0	
81A-1678	2020-05-03 21:34:08	446	2	02:00	6.450000	0.9993	4.580	0.9973	18.58	3.4	0.473	14.657	0	
81A-1678	2020-05-03 21:37:38	447	3	02:00	4.260000	0.9992	2.790	0.9967	18.51	3.4	0.433	14.072	0	
81A-1678	2020-05-03 21:41:08	448	4	02:00	3.040000	0.9996	2.730	0.9993	18.43	3.4	0.476	15.584	0	
81A-1678	2020-05-03 22:00:37	449	1	02:00	6.910000	0.9671	6.090	0.9618	18.29	3.4	0.357	13.76	0	
81A-1678	2020-05-03 22:04:07	450	2	02:00	6.730000	0.9994	4.520	0.9960	18.32	3.4	0.472	14.633	0	
81A-1678	2020-05-03 22:07:39	451	3	02:00	3.370000	0.9989	2.720	0.9979	18.28	3.4	0.433	14.069	0	
81A-1678	2020-05-03 22:11:10	452	4	02:00	2.950000	0.9994	2.680	0.9992	18.13	3.4	0.476	15.553	0	
81A-1678	2020-05-03 22:30:37	453	1	02:00	4.980000	0.9902	2.400	0.9776	18.14	3.4	0.358	13.722	0	
81A-1678	2020-05-03 22:34:07	454	2	02:00	4.230000	0.9994	3.960	0.9993	18.04	3.4	0.489	14.626	0	
81A-1678	2020-05-03 22:37:36	455	3	02:00	3.170000	0.9994	2.980	0.9993	17.9	3.4	0.456	14.145	0	
81A-1678	2020-05-03 22:41:05	456	4	02:00	2.000000	0.9989	2.000	0.9989	17.79	3.4	0.495	15.601	0	
81A-1678	2020-05-03 23:00:37	457	1	02:00	5.460000	0.9942	3.140	0.9868	17.75	3.4	0.424	13.803	0	
81A-1678	2020-05-03 23:04:08	458	2	02:00	5.580000	0.9997	4.540	0.9985	17.78	3.4	0.508	15.191	0	
81A-1678	2020-05-03 23:07:40	459	3	02:00	4.020000	0.9995	2.980	0.9979	17.75	3.4	0.455	14.455	0	
81A-1678	2020-05-03 23:11:10	460	4	02:00	2.410000	0.9991	2.380	0.9991	17.69	3.4	0.47	15.852	0	
81A-1678	2020-05-03 23:30:37	461	1	02:00	5.720000	0.9943	2.720	0.9810	17.95	3.429	0.437	13.925	0	
81A-1678	2020-05-03 23:34:08	462	2	02:00	5.470000	0.9997	4.550	0.9986	17.98	3.4	0.51	15.428	0	
81A-1678	2020-05-03 23:37:40	463	3	02:00	2.980000	0.9994	2.760	0.9992	17.94	3.4	0.454	14.594	0	
81A-1678	2020-05-03 23:41:09	464	4	02:00	2.030000	0.9991	2.030	0.9991	17.79	3.402	0.487	15.967	0	
81A-1678	2020-05-04 00:00:37	465	1	02:00	21.180000	0.9870	5.360	0.8914	17.5	3.465	0.444	14.106	0	
81A-1678	2020-05-04 00:04:08	466	2	02:00	5.750000	0.9996	4.560	0.9981	17.53	3.4	0.51	15.849	0	
81A-1678	2020-05-04 00:07:40	467	3	02:00	3.150000	0.9994	2.660	0.9988	17.48	3.4	0.451	14.78	0	
81A-1678	2020-05-04 00:11:10	468	4	02:00	2.370000	0.9994	2.290	0.9994	17.4	3.491	0.474	16.108	0	
81A-1678	2020-05-04 00:30:37	469	1	02:00	4.510000	0.9236	4.510	0.9236	17.35	3.465	0.448	14.197	0	
81A-1678	2020-05-04 00:34:10	470	2	02:00	5.660000	0.9994	4.430	0.9976	17.39	3.4	0.51	15.837	0	
81A-1678	2020-05-04 00:37:42	471	3	02:00	3.410000	0.9996	2.790	0.9987	17.35	3.4	0.448	14.797	0	
81A-1678	2020-05-04 00:41:12	472	4	02:00	2.300000	0.9992	2.170	0.9991	17.24	3.5	0.478	16.062	0	
81A-1678	2020-05-04 01:00:37	473	1	02:00	6.130000	0.5606	1.530	0.4375	17.09	3.5	0.436	14.242	0	
81A-1678	2020-05-04 01:04:10	474	2	02:00	6.690000	0.9997	4.680	0.9966	17.17	3.447	0.507	15.781	0	
81A-1678	2020-05-04 01:07:42	475	3	02:00	3.400000	0.9994	2.740	0.9980	17.09	3.4	0.451	14.791	0	
81A-1678	2020-05-04 01:11:13	476	4	02:00	2.490000	0.9996	2.420	0.9995	17	3.5	0.476	15.989	0	
81A-1678	2020-05-04 01:30:37	477	1	02:00	4.680000	0.9968	2.570	0.9896	17	3.5	0.445	14.248	0	
81A-1678	2020-05-04 01:34:09	478	2	02:00	6.280000	0.9997	4.590	0.9969	17.09	3.465	0.511	15.712	0	
81A-1678	2020-05-04 01:37:41	479	3	02:00	3.310000	0.9992	2.680	0.9983	17.04	3.4	0.451	14.772	0	
81A-1678	2020-05-04 01:41:11	480	4	02:00	2.370000	0.9992	2.150	0.9989	16.97	3.5	0.483	15.952	0	
81A-1678	2020-05-04 02:00:37	481	1	02:00	11.490000	0.9479	1.590	0.7967	16.99	3.5	0.45	14.265	0	
81A-1678	2020-05-04 02:04:08	482	2	02:00	6.090000	0.9997	4.530	0.9974	17.01	3.5	0.512	15.755	0	
81A-1678	2020-05-04 02:07:40	483	3	02:00	3.150000	0.9991	2.510	0.9983	16.98	3.4	0.452	14.796	0	
81A-1678	2020-05-04 02:11:10	484	4	02:00	2.000000	0.9987	1.980	0.9987	16.88	3.5	0.482	15.962	0	
81A-1678	2020-05-04 02:30:37	485	1	02:00	2.860000	0.9974	2.860	0.9974	16.8	3.5	0.443	14.284	0	
81A-1678	2020-05-04 02:34:10	486	2	02:00	6.260000	0.9996	4.570	0.9971	16.79	3.5	0.509	15.728	0	
81A-1678	2020-05-04 02:37:42	487	3	02:00	3.060000	0.9993	2.630	0.9987	16.79	3.4	0.454	14.779	0	
81A-1678	2020-05-04 02:41:12	488	4	02:00	2.540000	0.9994	2.300	0.9990	16.68	3.5	0.475	15.92	0	
81A-1678	2020-05-04 03:00:37	489	1	02:00	2.980000	0.9862	2.040	0.9724	16.57	3.5	0.429	14.271	0	
81A-1678	2020-05-04 03:04:09	490	2	02:00	5.740000	0.9995	4.500	0.9977	16.64	3.5	0.506	15.667	0	
81A-1678	2020-05-04 03:07:41	491	3	02:00	3.410000	0.9993	2.590	0.9977	16.61	3.4	0.45	14.722	0	
81A-1678	2020-05-04 03:11:11	492	4	02:00	2.390000	0.9993	2.330	0.9993	16.57	3.5	0.479	15.849	0	
81A-1678	2020-05-04 03:30:37	493	1	02:00	16.139999	0.9576	5.670	0.8879	16.46	3.5	0.423	14.239	0	
81A-1678	2020-05-04 03:34:06	494	2	02:00	6.450000	0.9995	4.640	0.9964	16.49	3.5	0.504	15.581	0	
81A-1678	2020-05-04 03:37:39	495	3	02:00	3.680000	0.9992	2.600	0.9964	16.45	3.4	0.448	14.662	0	
81A-1678	2020-05-04 03:41:11	496	4	02:00	3.350000	0.9995	2.580	0.9981	16.45	3.5	0.482	15.775	0	
81A-1678	2020-05-04 04:00:37	497	1	02:00	4.250000	0.9987	3.380	0.9941	16.23	3.5	0.415	14.189	0	
81A-1678	2020-05-04 04:04:10	498	2	02:00	6.900000	0.9992	4.870	0.9960	16.39	3.5	0.503	15.498	0	
81A-1678	2020-05-04 04:07:43	499	3	02:00	3.050000	0.9991	2.590	0.9985	16.21	3.4	0.444	14.618	0	
81A-1678	2020-05-04 04:11:13	500	4	02:00	3.020000	0.9995	2.550	0.9986	16.21	3.5	0.482	15.706	0	
81A-1678	2020-05-04 04:30:37	501	1	02:00	10.930000	0.7954	0.810	0.4528	16.12	3.5	0.412	14.143	0	
81A-1678	2020-05-04 04:34:10	502	2	02:00	6.310000	0.9996	4.760	0.9976	16.24	3.5	0.502	15.424	0	
81A-1678	2020-05-04 04:37:42	503	3	02:00	3.500000	0.9992	2.600	0.9975	16.17	3.44	0.443	14.559	0	
81A-1678	2020-05-04 04:41:13	504	4	02:00	2.800000	0.9993	2.560	0.9991	16.12	3.5	0.483	15.639	0	
81A-1678	2020-05-04 05:00:37	505	1	02:00	4.350000	0.9805	3.420	0.9770	16.11	3.5	0.41	14.099	0	
81A-1678	2020-05-04 05:04:07	506	2	02:00	6.390000	0.9997	4.900	0.9971	16.3	3.5	0.501	15.348	0	
81A-1678	2020-05-04 05:07:39	507	3	02:00	4.150000	0.9996	2.850	0.9970	16.4	3.5	0.442	14.507	0	
81A-1678	2020-05-04 05:11:08	508	4	02:00	2.920000	0.9995	2.710	0.9993	16.33	3.5	0.484	15.586	0	
81A-1678	2020-05-04 05:30:37	509	1	02:00	2.550000	0.6256	2.050	0.6685	16.31	3.5	0.408	14.062	0	
81A-1678	2020-05-04 05:34:07	510	2	02:00	5.360000	0.9997	4.320	0.9982	16.4	3.5	0.5	15.294	0	
81A-1678	2020-05-04 05:37:40	511	3	02:00	3.120000	0.9996	2.530	0.9983	16.35	3.5	0.441	14.469	0	
81A-1678	2020-05-04 05:41:12	512	4	02:00	2.690000	0.9995	2.550	0.9994	16.29	3.5	0.485	15.563	0	
81A-1678	2020-05-04 06:00:37	513	1	02:00	2.620000	0.0854	0.510	0.1863	16.08	3.5	0.407	14.026	0	
81A-1678	2020-05-04 06:04:08	514	2	02:00	5.330000	0.9997	4.270	0.9979	16.21	3.5	0.5	15.236	0	
81A-1678	2020-05-04 06:07:40	515	3	02:00	2.970000	0.9996	2.540	0.9990	16.13	3.5	0.439	14.427	0	
81A-1678	2020-05-04 06:11:10	516	4	02:00	2.850000	0.9994	2.630	0.9992	16.11	3.5	0.486	15.515	0	
81A-1678	2020-05-04 06:30:37	517	1	02:00	2.470000	0.9788	2.470	0.9788	16.07	3.5	0.405	13.976	0	
81A-1678	2020-05-04 06:34:09	518	2	02:00	5.010000	0.9997	4.090	0.9983	16.16	3.5	0.5	15.18	0	
81A-1678	2020-05-04 06:37:42	519	3	02:00	2.960000	0.9994	2.520	0.9987	16.09	3.5	0.439	14.393	0	
81A-1678	2020-05-04 06:41:12	520	4	02:00	2.650000	0.9997	2.570	0.9996	16.02	3.5	0.486	15.473	0	
81A-1678	2020-05-04 07:00:37	521	1	02:00	1.790000	0.9365	1.790	0.9365	15.84	3.476	0.404	13.967	0	
81A-1678	2020-05-04 07:04:10	522	2	02:00	5.130000	0.9997	4.220	0.9988	15.9	3.5	0.499	15.14	0	
81A-1678	2020-05-04 07:07:40	523	3	02:00	3.060000	0.9992	2.510	0.9980	15.81	3.5	0.438	14.342	0	
81A-1678	2020-05-04 07:11:09	524	4	02:00	2.810000	0.9995	2.590	0.9993	15.74	3.5	0.486	15.426	0	
81A-1678	2020-05-04 07:30:37	525	1	02:00	6.080000	0.9940	2.860	0.9675	15.84	3.6	0.402	13.91	0	
81A-1678	2020-05-04 07:34:07	526	2	02:00	4.980000	0.9997	4.120	0.9988	15.97	3.5	0.499	15.111	0	
81A-1678	2020-05-04 07:37:38	527	3	02:00	3.070000	0.9990	2.570	0.9983	15.99	3.5	0.438	14.327	0	
81A-1678	2020-05-04 07:41:08	528	4	02:00	2.660000	0.9995	2.550	0.9994	15.97	3.5	0.487	15.395	0	
81A-1678	2020-05-04 08:00:37	529	1	02:00	4.730000	0.9983	2.480	0.9863	16.18	3.495	0.401	13.89	0	
81A-1678	2020-05-04 08:04:08	530	2	02:00	5.200000	0.9997	4.260	0.9985	16.2	3.5	0.499	15.067	0	
81A-1678	2020-05-04 08:07:41	531	3	02:00	2.940000	0.9993	2.660	0.9991	16.28	3.5	0.438	14.304	0	
81A-1678	2020-05-04 08:11:10	532	4	02:00	2.820000	0.9996	2.620	0.9994	16.22	3.504	0.487	15.397	0	
81A-1678	2020-05-04 08:30:37	533	1	02:00	7.790000	0.9911	1.980	0.9073	16.47	3.575	0.401	13.89	0	
81A-1678	2020-05-04 08:34:09	534	2	02:00	5.000000	0.9994	4.170	0.9984	16.57	3.5	0.498	15.047	0	
81A-1678	2020-05-04 08:37:39	535	3	02:00	3.310000	0.9992	2.620	0.9976	16.62	3.5	0.437	14.296	0	
81A-1678	2020-05-04 08:41:10	536	4	02:00	2.750000	0.9996	2.610	0.9995	16.13	3.538	0.486	15.397	0	
81A-1678	2020-05-04 09:00:37	537	1	02:00	1.940000	0.8008	1.390	0.8107	16.52	3.6	0.4	13.882	0	
81A-1678	2020-05-04 09:04:06	538	2	02:00	4.520000	0.9997	4.070	0.9992	17	3.5	0.498	15.062	0	
81A-1678	2020-05-04 09:07:35	539	3	02:00	3.190000	0.9993	2.590	0.9979	17.24	3.5	0.437	14.322	0	
81A-1678	2020-05-04 09:11:05	540	4	02:00	2.750000	0.9994	2.660	0.9993	16.98	3.576	0.486	15.447	0	
81A-1678	2020-05-04 09:30:37	541	1	02:00	4.980000	0.9841	2.120	0.9592	16.71	3.6	0.4	13.937	0	
81A-1678	2020-05-04 09:34:07	542	2	02:00	4.900000	0.9997	4.070	0.9984	16.83	3.5	0.497	15.068	0	
81A-1678	2020-05-04 09:37:39	543	3	02:00	2.830000	0.9994	2.410	0.9979	17.85	3.5	0.437	14.362	0	
81A-1678	2020-05-04 09:41:11	544	4	02:00	2.910000	0.9997	2.690	0.9995	17.32	3.582	0.485	15.524	0	
81A-1678	2020-05-04 10:00:37	545	1	02:00	1.890000	0.9963	1.880	0.9963	17.69	3.6	0.399	13.997	0	
81A-1678	2020-05-04 10:04:06	546	2	02:00	3.920000	0.9998	3.810	0.9998	18.26	3.518	0.495	15.106	0	
81A-1678	2020-05-04 10:07:35	547	3	02:00	3.350000	0.9987	2.790	0.9975	19.52	3.5	0.438	14.428	0	
81A-1678	2020-05-04 10:11:05	548	4	02:00	2.990000	0.9997	2.640	0.9990	18.14	3.6	0.484	15.571	0	
81A-1678	2020-05-04 10:30:37	549	1	02:00	3.660000	0.9760	1.870	0.9573	18.7	3.6	0.398	14.008	0	
81A-1678	2020-05-04 10:34:10	550	2	02:00	4.200000	0.9997	4.000	0.9997	21.43	3.54	0.496	15.272	0	
81A-1678	2020-05-04 10:37:39	551	3	02:00	3.890000	0.9995	2.590	0.9944	22.05	3.5	0.441	14.559	0	
81A-1678	2020-05-04 10:41:11	552	4	02:00	2.740000	0.9996	2.600	0.9995	18.75	3.6	0.483	15.59	0	
81A-1678	2020-05-04 11:00:37	553	1	02:00	3.660000	0.9947	1.890	0.9681	20.46	3.6	0.398	14.083	0	
81A-1678	2020-05-04 11:04:09	554	2	02:00	4.930000	0.9998	4.490	0.9994	23.22	3.6	0.494	15.517	0.001	
81A-1678	2020-05-04 11:07:38	555	3	02:00	2.890000	0.9994	2.160	0.9964	20.73	3.5	0.443	14.699	0	
81A-1678	2020-05-04 11:11:10	556	4	02:00	2.880000	0.9996	2.730	0.9995	20.01	3.6	0.483	15.638	0	
81A-1678	2020-05-04 11:30:37	557	1	02:00	4.400000	0.9905	1.810	0.9605	20.95	3.6	0.396	14.124	0	
81A-1678	2020-05-04 11:34:07	558	2	02:00	4.020000	0.9995	3.730	0.9994	21.25	3.6	0.49	15.631	0	
81A-1678	2020-05-04 11:37:36	559	3	02:00	1.650000	0.9960	1.650	0.9960	20.56	3.5	0.442	14.772	0	
81A-1678	2020-05-04 11:41:09	560	4	02:00	2.940000	0.9996	2.820	0.9995	20.13	3.6	0.482	15.754	0	
81A-1678	2020-05-04 12:00:37	561	1	02:00	2.530000	0.9977	1.920	0.9939	20.7	3.6	0.394	14.202	0	
81A-1678	2020-05-04 12:04:08	562	2	02:00	3.520000	0.9995	3.520	0.9995	21.06	3.6	0.489	15.638	0	
81A-1678	2020-05-04 12:07:41	563	3	02:00	4.330000	0.9888	1.690	0.9504	21.31	3.5	0.443	14.811	0	
81A-1678	2020-05-04 12:11:10	564	4	02:00	2.720000	0.9988	2.720	0.9988	21.21	3.6	0.483	15.872	0	
81A-1678	2020-05-04 12:30:37	565	1	02:00	3.990000	0.9941	1.750	0.9686	21.81	3.6	0.392	14.264	0	
81A-1678	2020-05-04 12:34:07	566	2	02:00	3.470000	0.9997	3.470	0.9997	21.5	3.6	0.488	15.584	0	
81A-1678	2020-05-04 12:37:40	567	3	02:00	2.780000	0.9983	2.440	0.9978	22.26	3.5	0.445	14.849	0	
81A-1678	2020-05-04 12:41:09	568	4	02:00	3.260000	0.9995	3.040	0.9993	24.35	3.6	0.486	16.211	0	
81A-1678	2020-05-04 13:00:37	569	1	02:00	2.720000	0.9950	1.990	0.9867	23.1	3.6	0.389	14.378	0	
81A-1678	2020-05-04 13:04:10	570	2	02:00	3.510000	0.9997	3.510	0.9997	22.2	3.538	0.489	15.563	0	
81A-1678	2020-05-04 13:07:43	571	3	02:00	2.610000	0.9982	2.390	0.9980	23.37	3.5	0.446	14.913	0	
81A-1678	2020-05-04 13:11:12	572	4	02:00	3.490000	0.9996	3.340	0.9995	23.7	3.6	0.487	16.84	0	
81A-1678	2020-05-04 13:30:37	573	1	02:00	2.090000	0.9991	1.830	0.9982	25.14	3.6	0.388	14.501	0	
81A-1678	2020-05-04 13:34:06	574	2	02:00	3.370000	0.9997	3.360	0.9996	22.16	3.6	0.487	15.541	0	
81A-1678	2020-05-04 13:37:34	575	3	02:00	3.020000	0.9991	2.240	0.9956	23.21	3.5	0.448	15.043	0	
81A-1678	2020-05-04 13:41:06	576	4	02:00	3.040000	0.9997	3.040	0.9997	22.03	3.6	0.484	16.972	0	
81A-1678	2020-05-04 14:00:37	577	1	02:00	4.970000	0.9827	2.020	0.9505	23.65	3.6	0.385	14.581	0	
81A-1678	2020-05-04 14:04:07	578	2	02:00	3.970000	0.9998	3.720	0.9997	22.66	3.6	0.487	15.547	0	
81A-1678	2020-05-04 14:07:36	579	3	02:00	2.220000	0.9956	1.890	0.9947	22.93	3.5	0.447	15.057	0	
81A-1678	2020-05-04 14:11:05	580	4	02:00	3.080000	0.9995	3.080	0.9995	22.37	3.6	0.482	16.875	0	
81A-1678	2020-05-04 14:30:37	581	1	02:00	1.870000	0.9883	1.700	0.9880	23.9	3.6	0.383	14.631	0	
81A-1678	2020-05-04 14:33:59	582	2	02:00	3.630000	0.9998	3.430	0.9996	23.6	3.513	0.363	15.579	0	
81A-1678	2020-05-04 14:37:27	583	3	02:00	5.430000	0.9976	2.260	0.9654	24.36	3.5	0.447	15.08	0	
81A-1678	2020-05-04 14:40:57	584	4	02:00	3.070000	0.9997	3.060	0.9997	22.79	3.6	0.483	16.864	0	
81A-1678	2020-05-04 15:00:37	585	1	02:00	2.860000	0.9909	1.470	0.9732	23.74	3.6	0.382	14.653	0	
81A-1678	2020-05-04 15:04:07	586	2	02:00	3.540000	0.9998	3.370	0.9997	23.65	3.6	0.486	15.598	0	
81A-1678	2020-05-04 15:07:35	587	3	02:00	3.920000	0.9987	2.880	0.9942	23.54	3.5	0.448	15.198	0	
81A-1678	2020-05-04 15:11:06	588	4	02:00	3.140000	0.9995	3.130	0.9995	24.1	3.6	0.482	16.899	0	
81A-1678	2020-05-04 15:30:37	589	1	02:00	2.200000	0.9943	1.630	0.9897	23.24	3.6	0.382	14.768	0	
81A-1678	2020-05-04 15:34:06	590	2	02:00	3.400000	0.9996	3.400	0.9996	22.24	3.6	0.486	15.624	0	
81A-1678	2020-05-04 15:37:38	591	3	02:00	3.860000	0.9961	2.600	0.9869	22.27	3.58	0.445	15.189	0	
81A-1678	2020-05-04 15:41:11	592	4	02:00	3.270000	0.9996	3.240	0.9996	22.69	3.6	0.481	16.981	0	
81A-1678	2020-05-04 16:00:37	593	1	02:00	1.560000	0.9952	1.560	0.9952	24.9	3.6	0.381	14.898	0	
81A-1678	2020-05-04 16:04:10	594	2	02:00	3.530000	0.9992	3.530	0.9992	22.71	3.6	0.486	15.609	0	
81A-1678	2020-05-04 16:07:42	595	3	02:00	2.610000	0.9990	2.190	0.9976	22.25	3.609	0.445	15.142	0	
81A-1678	2020-05-04 16:11:12	596	4	02:00	3.240000	0.9995	2.850	0.9988	22.49	3.6	0.481	17.009	0	
81A-1678	2020-05-04 16:30:37	597	1	02:00	3.200000	0.9941	1.820	0.9768	23.69	3.635	0.38	14.889	0	
81A-1678	2020-05-04 16:34:09	598	2	02:00	3.590000	0.9996	3.440	0.9995	21.6	3.6	0.485	15.589	0	
81A-1678	2020-05-04 16:37:37	599	3	02:00	2.220000	0.9966	2.190	0.9966	22.38	3.6	0.447	15.103	0	
81A-1678	2020-05-04 16:41:06	600	4	02:00	2.990000	0.9992	2.990	0.9992	21.61	3.6	0.481	16.946	0	
81A-1678	2020-05-04 17:00:37	601	1	02:00	1.420000	0.9864	1.420	0.9864	22.87	3.7	0.378	14.891	0	
81A-1678	2020-05-04 17:04:09	602	2	02:00	3.610000	0.9994	3.420	0.9993	21.51	3.6	0.484	15.565	0	
81A-1678	2020-05-04 17:07:37	603	3	02:00	1.320000	0.9590	1.080	0.9639	22.12	3.6	0.446	15.081	0	
81A-1678	2020-05-04 17:11:07	604	4	02:00	3.300000	0.9996	3.110	0.9995	20.15	3.6	0.48	16.82	0	
81A-1678	2020-05-04 17:30:37	605	1	02:00	2.380000	0.9981	1.790	0.9950	21.03	3.7	0.377	14.827	0	
81A-1678	2020-05-04 17:34:08	606	2	02:00	3.350000	0.9997	3.140	0.9996	21.3	3.662	0.483	15.526	0	
81A-1678	2020-05-04 17:37:36	607	3	02:00	1.970000	0.9637	1.150	0.9554	20.48	3.6	0.444	14.998	0	
81A-1678	2020-05-04 17:41:07	608	4	02:00	3.100000	0.9995	2.890	0.9993	19.8	3.644	0.48	16.643	0	
81A-1678	2020-05-04 18:00:37	609	1	02:00	2.070000	0.9960	1.300	0.9904	20.05	3.7	0.373	14.732	0	
81A-1678	2020-05-04 18:04:09	610	2	02:00	3.060000	0.9997	3.060	0.9997	19.93	3.7	0.482	15.487	0	
81A-1678	2020-05-04 18:07:41	611	3	02:00	2.490000	0.9996	2.140	0.9987	19.75	3.6	0.444	14.92	0	
81A-1678	2020-05-04 18:11:09	612	4	02:00	2.960000	0.9997	2.730	0.9994	19.57	3.665	0.479	16.472	0	
81A-1678	2020-05-04 18:30:37	613	1	02:00	2.030000	0.9984	1.790	0.9978	19.54	3.5	0.374	14.649	0	
81A-1678	2020-05-04 18:34:06	614	2	02:00	3.220000	0.9994	3.220	0.9994	19.5	3.5	0.483	15.418	0	
81A-1678	2020-05-04 18:37:39	615	3	02:00	2.190000	0.9992	2.190	0.9992	19.55	3.4	0.443	14.842	0	
81A-1678	2020-05-04 18:41:12	616	4	02:00	2.770000	0.9995	2.770	0.9995	19.05	3.5	0.479	16.306	0	
81A-1678	2020-05-04 19:00:38	617	1	02:00	1.810000	0.9961	1.470	0.9939	18.87	3.5	0.373	14.547	0	
81A-1678	2020-05-04 19:04:06	618	2	02:00	3.170000	0.9995	3.010	0.9994	18.78	3.5	0.482	15.359	0	
81A-1678	2020-05-04 19:07:35	619	3	02:00	2.040000	0.9964	1.610	0.9941	18.48	3.4	0.443	14.741	0	
81A-1678	2020-05-04 19:11:05	620	4	02:00	2.770000	0.9995	2.690	0.9995	18.27	3.5	0.478	16.162	0	
81A-1678	2020-05-04 19:30:37	621	1	02:00	3.500000	0.9113	1.420	0.8954	17.9	3.5	0.372	14.456	0	
81A-1678	2020-05-04 19:34:08	622	2	02:00	3.670000	0.9994	3.220	0.9988	17.75	3.5	0.481	15.278	0	
81A-1678	2020-05-04 19:37:37	623	3	02:00	4.500000	0.9820	1.180	0.9008	17.77	3.4	0.442	14.641	0	
81A-1678	2020-05-04 19:41:10	624	4	02:00	2.760000	0.9996	2.610	0.9995	17.61	3.5	0.478	15.996	0	
81A-1678	2020-05-04 20:00:37	625	1	02:00	18.160000	0.8515	0.460	0.3890	17.13	3.5	0.371	14.349	0	
81A-1678	2020-05-04 20:04:10	626	2	02:00	4.040000	0.9995	3.330	0.9987	17.11	3.465	0.481	15.21	0	
81A-1678	2020-05-04 20:07:41	627	3	02:00	2.740000	0.9986	2.030	0.9953	16.75	3.4	0.442	14.537	0	
81A-1678	2020-05-04 20:11:13	628	4	02:00	2.850000	0.9996	2.570	0.9992	16.71	3.5	0.478	15.838	0	
81A-1678	2020-05-04 20:30:38	629	1	02:00	1.310000	0.9800	1.310	0.9800	16.2	3.5	0.37	14.267	0	
81A-1678	2020-05-04 20:34:12	630	2	02:00	3.890000	0.9996	3.360	0.9990	16.26	3.5	0.48	15.123	0	
81A-1678	2020-05-04 20:37:42	631	3	02:00	2.340000	0.9993	1.960	0.9980	16.34	3.4	0.441	14.442	0	
81A-1678	2020-05-04 20:41:13	632	4	02:00	2.660000	0.9996	2.520	0.9995	16.3	3.5	0.477	15.706	0	
81A-1678	2020-05-04 21:00:37	633	1	02:00	4.420000	0.9869	2.340	0.9683	15.82	3.465	0.37	14.169	0	
81A-1678	2020-05-04 21:04:08	634	2	02:00	3.920000	0.9992	3.380	0.9983	15.7	3.5	0.479	15.059	0	
81A-1678	2020-05-04 21:07:37	635	3	02:00	2.470000	0.9987	2.010	0.9978	15.81	3.4	0.441	14.344	0	
81A-1678	2020-05-04 21:11:08	636	4	02:00	2.670000	0.9994	2.470	0.9992	15.61	3.5	0.477	15.568	0	
81A-1678	2020-05-04 21:30:37	637	1	02:00	2.430000	0.7820	1.330	0.8132	15.23	3.5	0.369	14.077	0	
81A-1678	2020-05-04 21:34:09	638	2	02:00	4.160000	0.9994	3.380	0.9981	15.25	3.5	0.479	14.98	0	
81A-1678	2020-05-04 21:37:40	639	3	02:00	2.150000	0.9991	2.050	0.9990	15.17	3.4	0.44	14.261	0	
81A-1678	2020-05-04 21:41:09	640	4	02:00	2.690000	0.9993	2.410	0.9988	14.93	3.5	0.477	15.458	0	
81A-1678	2020-05-04 22:00:37	641	1	02:00	9.050000	0.9810	2.970	0.9234	14.58	3.5	0.369	13.986	0	
81A-1678	2020-05-04 22:04:08	642	2	02:00	4.680000	0.9991	3.520	0.9976	14.68	3.5	0.479	14.915	0	
81A-1678	2020-05-04 22:07:39	643	3	02:00	2.970000	0.9994	2.120	0.9977	14.64	3.4	0.44	14.167	0	
81A-1678	2020-05-04 22:11:10	644	4	02:00	2.680000	0.9993	2.460	0.9989	14.46	3.465	0.477	15.342	0	
81A-1678	2020-05-04 22:30:37	645	1	02:00	7.200000	0.9837	3.000	0.9534	14.03	3.5	0.369	13.903	0	
81A-1678	2020-05-04 22:34:08	646	2	02:00	4.350000	0.9992	3.560	0.9979	14.1	3.5	0.478	14.835	0	
81A-1678	2020-05-04 22:37:38	647	3	02:00	2.380000	0.9993	2.120	0.9989	14.05	3.4	0.44	14.061	0	
81A-1678	2020-05-04 22:41:07	648	4	02:00	2.650000	0.9996	2.480	0.9995	13.93	3.465	0.476	15.217	0	
81A-1678	2020-05-04 23:00:37	649	1	02:00	1.970000	0.9811	1.970	0.9811	13.66	3.5	0.368	13.822	0	
81A-1678	2020-05-04 23:04:11	650	2	02:00	4.290000	0.9994	3.500	0.9985	13.69	3.5	0.478	14.758	0	
81A-1678	2020-05-04 23:07:42	651	3	02:00	2.500000	0.9994	2.000	0.9977	13.71	3.4	0.439	13.974	0	
81A-1678	2020-05-04 23:11:14	652	4	02:00	2.700000	0.9995	2.460	0.9992	13.62	3.5	0.476	15.093	0	
81A-1678	2020-05-04 23:30:38	653	1	02:00	3.190000	0.9252	3.190	0.9252	13.19	3.5	0.368	13.746	0	
81A-1678	2020-05-04 23:34:12	654	2	02:00	4.300000	0.9996	3.510	0.9986	13.17	3.5	0.476	14.699	0	
81A-1678	2020-05-04 23:37:42	655	3	02:00	2.000000	0.9987	1.850	0.9984	13.16	3.4	0.438	13.891	0	
81A-1678	2020-05-04 23:41:11	656	4	02:00	2.460000	0.9996	2.400	0.9996	13.16	3.5	0.476	14.99	0	
81A-1678	2020-05-05 00:00:38	657	1	02:00	5.000000	0.9896	2.030	0.9570	13.03	3.5	0.367	13.649	0	
81A-1678	2020-05-05 00:04:11	658	2	02:00	4.200000	0.9984	3.410	0.9974	12.91	3.465	0.477	14.638	0	
81A-1678	2020-05-05 00:07:40	659	3	02:00	1.780000	0.9983	1.740	0.9983	12.97	3.4	0.438	13.814	0	
81A-1678	2020-05-05 00:11:09	660	4	02:00	2.430000	0.9993	2.300	0.9992	12.8	3.5	0.476	14.884	0	
81A-1678	2020-05-05 00:30:38	661	1	02:00	2.360000	0.9987	2.090	0.9979	12.62	3.5	0.367	13.586	0	
81A-1678	2020-05-05 00:34:08	662	2	02:00	3.980000	0.9991	3.220	0.9977	12.74	3.5	0.476	14.561	0	
81A-1678	2020-05-05 00:37:38	663	3	02:00	1.720000	0.9979	1.720	0.9979	12.74	3.4	0.438	13.726	0	
81A-1678	2020-05-05 00:41:11	664	4	02:00	2.600000	0.9994	2.350	0.9991	12.74	3.5	0.476	14.766	0	
81A-1678	2020-05-05 01:00:37	665	1	02:00	3.180000	0.9785	2.900	0.9780	12.53	3.5	0.366	13.511	0	
81A-1678	2020-05-05 01:04:07	666	2	02:00	3.630000	0.9993	3.190	0.9987	12.57	3.5	0.476	14.469	0	
81A-1678	2020-05-05 01:07:36	667	3	02:00	2.110000	0.9987	1.870	0.9982	12.56	3.4	0.438	13.645	0	
81A-1678	2020-05-05 01:11:05	668	4	02:00	2.470000	0.9992	2.340	0.9991	12.33	3.5	0.475	14.656	0	
81A-1678	2020-05-05 01:30:38	669	1	02:00	2.790000	0.9924	2.550	0.9919	12.31	3.5	0.366	13.439	0	
81A-1678	2020-05-05 01:34:08	670	2	02:00	4.210000	0.9993	3.390	0.9978	12.45	3.5	0.476	14.415	0	
81A-1678	2020-05-05 01:37:40	671	3	02:00	1.910000	0.9984	1.810	0.9981	12.34	3.4	0.437	13.559	0	
81A-1678	2020-05-05 01:41:10	672	4	02:00	2.590000	0.9995	2.340	0.9991	12.22	3.5	0.476	14.563	0	
81A-1678	2020-05-05 02:00:38	673	1	02:00	3.630000	0.9891	1.690	0.9617	11.61	3.5	0.365	13.368	0	
81A-1678	2020-05-05 02:04:09	674	2	02:00	4.180000	0.9995	3.310	0.9979	11.67	3.5	0.476	14.334	0	
81A-1678	2020-05-05 02:07:41	675	3	02:00	2.530000	0.9987	2.000	0.9974	11.52	3.4	0.437	13.494	0	
81A-1678	2020-05-05 02:11:11	676	4	02:00	2.400000	0.9993	2.160	0.9988	11.39	3.5	0.475	14.444	0	
81A-1678	2020-05-05 02:30:38	677	1	02:00	2.200000	0.9954	2.200	0.9954	11.32	3.5	0.366	13.314	0	
81A-1678	2020-05-05 02:34:12	678	2	02:00	4.050000	0.9992	3.310	0.9983	11.42	3.5	0.475	14.279	0	
81A-1678	2020-05-05 02:37:43	679	3	02:00	2.500000	0.9993	2.150	0.9984	11.25	3.4	0.436	13.411	0	
81A-1678	2020-05-05 02:41:13	680	4	02:00	2.310000	0.9996	2.180	0.9995	11.28	3.5	0.475	14.322	0	
81A-1678	2020-05-05 03:00:38	681	1	02:00	2.800000	0.9991	1.720	0.9914	11.15	3.5	0.365	13.236	0	
81A-1678	2020-05-05 03:04:10	682	2	02:00	3.880000	0.9988	3.170	0.9973	11.3	3.5	0.475	14.215	0	
81A-1678	2020-05-05 03:07:40	683	3	02:00	2.160000	0.9988	2.010	0.9987	11.28	3.4	0.437	13.353	0	
81A-1678	2020-05-05 03:11:10	684	4	02:00	2.290000	0.9994	2.140	0.9992	10.88	3.5	0.475	14.217	0	
81A-1678	2020-05-05 03:30:38	685	1	02:00	2.710000	0.9937	1.860	0.9909	10.81	3.5	0.365	13.161	0	
81A-1678	2020-05-05 03:34:09	686	2	02:00	3.370000	0.9993	3.090	0.9991	10.7	3.5	0.475	14.142	0	
81A-1678	2020-05-05 03:37:38	687	3	02:00	2.480000	0.9992	2.080	0.9982	10.47	3.4	0.436	13.279	0	
81A-1678	2020-05-05 03:41:08	688	4	02:00	2.210000	0.9991	2.110	0.9990	10.55	3.5	0.475	14.089	0	
81A-1678	2020-05-05 04:00:38	689	1	02:00	3.580000	0.9946	1.880	0.9790	10.38	3.5	0.364	13.077	0	
81A-1678	2020-05-05 04:04:09	690	2	02:00	3.950000	0.9992	3.260	0.9980	10.47	3.5	0.475	14.08	0	
81A-1678	2020-05-05 04:07:38	691	3	02:00	2.370000	0.9989	1.980	0.9976	10.18	3.4	0.436	13.183	0	
81A-1678	2020-05-05 04:11:07	692	4	02:00	2.160000	0.9992	2.110	0.9992	10	3.5	0.475	13.996	0	
81A-1678	2020-05-05 04:30:38	693	1	02:00	3.530000	0.9637	1.820	0.9499	9.59	3.5	0.364	13.004	0	
81A-1678	2020-05-05 04:34:09	694	2	02:00	3.870000	0.9993	3.210	0.9985	9.69	3.5	0.474	14.013	0	
81A-1678	2020-05-05 04:37:39	695	3	02:00	2.520000	0.9987	2.030	0.9971	9.37	3.4	0.436	13.093	0	
81A-1678	2020-05-05 04:41:10	696	4	02:00	2.280000	0.9993	2.090	0.9991	9.35	3.5	0.474	13.866	0	
81A-1678	2020-05-05 05:00:38	697	1	02:00	4.720000	0.9968	2.650	0.9890	9.19	3.5	0.364	12.931	0	
81A-1678	2020-05-05 05:04:11	698	2	02:00	3.960000	0.9990	3.270	0.9977	9.45	3.5	0.474	13.937	0	
81A-1678	2020-05-05 05:07:41	699	3	02:00	2.340000	0.9989	1.790	0.9959	9.55	3.4	0.435	13.019	0	
81A-1678	2020-05-05 05:11:14	700	4	02:00	2.510000	0.9993	2.260	0.9989	9.4	3.5	0.474	13.749	0	
81A-1678	2020-05-05 05:30:38	701	1	02:00	3.480000	0.9974	1.890	0.9828	9.67	3.5	0.363	12.849	0	
81A-1678	2020-05-05 05:34:09	702	2	02:00	3.360000	0.9993	3.050	0.9990	9.92	3.5	0.474	13.866	0	
81A-1678	2020-05-05 05:37:39	703	3	02:00	2.550000	0.9942	1.060	0.9626	9.93	3.4	0.435	12.939	0	
81A-1678	2020-05-05 05:41:10	704	4	02:00	2.240000	0.9993	2.120	0.9992	9.75	3.5	0.474	13.659	0	
81A-1678	2020-05-05 06:00:38	705	1	02:00	2.410000	0.9982	1.800	0.9935	9.81	3.5	0.363	12.784	0	
81A-1678	2020-05-05 06:04:08	706	2	02:00	3.610000	0.9991	3.080	0.9981	9.91	3.5	0.474	13.797	0	
81A-1678	2020-05-05 06:07:37	707	3	02:00	2.230000	0.9993	1.860	0.9984	9.87	3.4	0.435	12.879	0	
81A-1678	2020-05-05 06:11:08	708	4	02:00	2.180000	0.9993	2.020	0.9991	9.59	3.5	0.474	13.561	0	
81A-1678	2020-05-05 06:30:38	709	1	02:00	2.500000	0.9951	1.850	0.9904	9.18	3.5	0.364	12.735	0	
81A-1678	2020-05-05 06:34:08	710	2	02:00	3.360000	0.9993	2.930	0.9988	9.27	3.5	0.474	13.725	0	
81A-1678	2020-05-05 06:37:38	711	3	02:00	2.240000	0.9990	1.930	0.9984	9.02	3.4	0.435	12.797	0	
81A-1678	2020-05-05 06:41:08	712	4	02:00	2.130000	0.9987	1.980	0.9985	8.88	3.5	0.474	13.444	0	
81A-1678	2020-05-05 07:00:38	713	1	02:00	4.120000	0.9983	1.820	0.9733	8.91	3.5	0.363	12.662	0	
81A-1678	2020-05-05 07:04:09	714	2	02:00	3.640000	0.9991	3.000	0.9979	9.08	3.5	0.473	13.656	0	
81A-1678	2020-05-05 07:07:39	715	3	02:00	2.300000	0.9987	1.900	0.9973	9.04	3.4	0.434	12.736	0	
81A-1678	2020-05-05 07:11:10	716	4	02:00	2.140000	0.9993	2.010	0.9992	8.91	3.5	0.473	13.325	0	
81A-1678	2020-05-05 07:30:38	717	1	02:00	2.490000	0.9968	2.000	0.9950	9.86	3.5	0.364	12.61	0	
81A-1678	2020-05-05 07:34:08	718	2	02:00	4.100000	0.9993	3.130	0.9971	9.93	3.5	0.473	13.61	0	
81A-1678	2020-05-05 07:37:41	719	3	02:00	2.230000	0.9990	1.980	0.9986	9.93	3.4	0.435	12.688	0	
81A-1678	2020-05-05 07:41:11	720	4	02:00	2.130000	0.9992	2.040	0.9991	9.76	3.5	0.474	13.254	0	
81A-1678	2020-05-05 08:00:38	721	1	02:00	2.950000	0.9979	1.700	0.9878	10.41	3.5	0.363	12.588	0	
81A-1678	2020-05-05 08:04:10	722	2	02:00	3.770000	0.9993	3.120	0.9984	10.59	3.5	0.474	13.585	0	
81A-1678	2020-05-05 08:07:40	723	3	02:00	2.340000	0.9975	1.530	0.9873	10.76	3.4	0.435	12.649	0	
81A-1678	2020-05-05 08:11:14	724	4	02:00	2.210000	0.9994	2.070	0.9993	10.38	3.5	0.474	13.211	0	
81A-1678	2020-05-05 08:30:38	725	1	02:00	2.850000	0.9981	1.730	0.9835	11.58	3.5	0.363	12.551	0	
81A-1678	2020-05-05 08:34:11	726	2	02:00	3.780000	0.9992	3.070	0.9976	11.32	3.5	0.474	13.554	0	
81A-1678	2020-05-05 08:37:43	727	3	02:00	1.820000	0.9977	1.510	0.9964	11.52	3.4	0.435	12.632	0	
81A-1678	2020-05-05 08:41:13	728	4	02:00	2.260000	0.9994	2.080	0.9992	11.1	3.5	0.474	13.217	0	
81A-1678	2020-05-05 09:00:38	729	1	02:00	2.750000	0.9933	2.110	0.9917	11.84	3.5	0.363	12.552	0	
81A-1678	2020-05-05 09:04:09	730	2	02:00	3.600000	0.9990	3.020	0.9979	11.68	3.471	0.473	13.551	0	
81A-1678	2020-05-05 09:07:39	731	3	02:00	2.050000	0.9985	1.710	0.9973	12.02	3.4	0.435	12.636	0	
81A-1678	2020-05-05 09:11:09	732	4	02:00	2.170000	0.9991	2.100	0.9991	11.62	3.5	0.475	13.229	0	
81A-1678	2020-05-05 09:30:38	733	1	02:00	2.290000	0.9987	1.640	0.9938	12.81	3.5	0.363	12.585	0	
81A-1678	2020-05-05 09:34:10	734	2	02:00	3.310000	0.9993	2.950	0.9989	12.66	3.482	0.474	13.545	0	
81A-1678	2020-05-05 09:37:39	735	3	02:00	2.260000	0.9992	1.930	0.9984	12.4	3.4	0.435	12.659	0	
81A-1678	2020-05-05 09:41:09	736	4	02:00	2.320000	0.9994	2.090	0.9989	12.55	3.5	0.475	13.283	0	
81A-1678	2020-05-05 10:00:38	737	1	02:00	2.140000	0.9989	1.640	0.9961	13.95	3.495	0.365	12.646	0	
81A-1678	2020-05-05 10:04:11	738	2	02:00	3.020000	0.9988	2.840	0.9986	13.82	3.4	0.474	13.554	0	
81A-1678	2020-05-05 10:07:40	739	3	02:00	2.130000	0.9975	1.100	0.9829	15.46	3.4	0.436	12.729	0	
81A-1678	2020-05-05 10:11:11	740	4	02:00	2.330000	0.9994	2.200	0.9993	13.48	3.48	0.475	13.346	0	
81A-1678	2020-05-05 10:30:38	741	1	02:00	3.420000	0.9963	2.030	0.9863	14.33	3.429	0.365	12.667	0	
81A-1678	2020-05-05 10:34:10	742	2	02:00	3.450000	0.9993	3.080	0.9988	16.77	3.4	0.476	13.665	0	
81A-1678	2020-05-05 10:37:40	743	3	02:00	2.080000	0.9990	1.770	0.9979	17.31	3.4	0.436	12.806	0	
81A-1678	2020-05-05 10:41:10	744	4	02:00	2.280000	0.9991	2.130	0.9989	13.6	3.4	0.475	13.421	0	
81A-1678	2020-05-05 11:00:38	745	1	02:00	3.000000	0.9983	1.800	0.9889	15.26	3.4	0.366	12.741	0	
81A-1678	2020-05-05 11:04:10	746	2	02:00	3.300000	0.9992	3.030	0.9989	15.7	3.4	0.476	13.78	0	
81A-1678	2020-05-05 11:07:39	747	3	02:00	1.870000	0.9974	1.500	0.9952	15.24	3.4	0.437	12.901	0	
81A-1678	2020-05-05 11:11:10	748	4	02:00	2.430000	0.9995	2.150	0.9988	13.57	3.4	0.475	13.5	0	
81A-1678	2020-05-05 11:30:38	749	1	02:00	2.540000	0.9980	1.650	0.9930	15.18	3.4	0.365	12.784	0	
81A-1678	2020-05-05 11:34:11	750	2	02:00	3.360000	0.9996	3.090	0.9993	14.96	3.4	0.475	13.838	0	
81A-1678	2020-05-05 11:37:40	751	3	02:00	1.940000	0.9981	1.700	0.9977	14.76	3.4	0.436	12.952	0	
81A-1678	2020-05-05 11:41:10	752	4	02:00	2.320000	0.9995	2.170	0.9993	14.12	3.4	0.475	13.574	0	
81A-1678	2020-05-05 12:00:38	753	1	02:00	2.730000	0.9980	1.800	0.9928	15.49	3.4	0.365	12.826	0	
81A-1678	2020-05-05 12:04:11	754	2	02:00	3.450000	0.9996	3.070	0.9991	15.27	3.4	0.475	13.863	0	
81A-1678	2020-05-05 12:07:40	755	3	02:00	1.970000	0.9992	1.970	0.9992	15.26	3.4	0.436	13.008	0	
81A-1678	2020-05-05 12:11:10	756	4	02:00	2.200000	0.9994	2.180	0.9993	14.68	3.4	0.475	13.631	0	
81A-1678	2020-05-05 12:30:38	757	1	02:00	3.140000	0.9982	1.800	0.9884	15.19	3.4	0.365	12.859	0	
81A-1678	2020-05-05 12:34:10	758	2	02:00	3.110000	0.9993	3.000	0.9992	14.77	3.4	0.476	13.861	0	
81A-1678	2020-05-05 12:37:39	759	3	02:00	2.260000	0.9989	2.100	0.9987	14.63	3.365	0.436	13.018	0	
81A-1678	2020-05-05 12:41:09	760	4	02:00	2.310000	0.9994	2.100	0.9991	14.25	3.4	0.475	13.65	0	
81A-1678	2020-05-05 13:00:38	761	1	02:00	3.090000	0.9985	1.880	0.9906	15.42	3.4	0.365	12.87	0	
81A-1678	2020-05-05 13:04:10	762	2	02:00	3.840000	0.9991	3.190	0.9979	14.78	3.4	0.475	13.862	0	
81A-1678	2020-05-05 13:07:39	763	3	02:00	2.540000	0.9994	2.050	0.9977	14.37	3.4	0.436	13.043	0	
81A-1678	2020-05-05 13:11:12	764	4	02:00	2.170000	0.9992	2.100	0.9992	14.08	3.4	0.475	13.667	0	
81A-1678	2020-05-05 13:30:38	765	1	02:00	1.470000	0.8788	1.280	0.8866	14.58	3.4	0.364	12.867	0	
81A-1678	2020-05-05 13:34:09	766	2	02:00	3.340000	0.9997	3.030	0.9993	14.34	3.4	0.475	13.85	0	
81A-1678	2020-05-05 13:37:39	767	3	02:00	2.630000	0.9993	1.870	0.9960	14.34	3.4	0.435	13.008	0	
81A-1678	2020-05-05 13:41:13	768	4	02:00	2.410000	0.9993	2.200	0.9991	13.88	3.4	0.475	13.652	0	
81A-1678	2020-05-05 14:00:38	769	1	02:00	2.170000	0.9982	1.670	0.9958	14.74	3.4	0.364	12.865	0	
81A-1678	2020-05-05 14:04:10	770	2	02:00	3.580000	0.9994	3.180	0.9989	14.48	3.4	0.475	13.847	0	
81A-1678	2020-05-05 14:07:40	771	3	02:00	2.540000	0.9992	1.830	0.9958	14.32	3.4	0.435	13.007	0	
81A-1678	2020-05-05 14:11:13	772	4	02:00	2.480000	0.9994	2.250	0.9990	13.79	3.4	0.474	13.64	0	
81A-1678	2020-05-05 14:30:38	773	1	02:00	8.670000	0.9930	2.120	0.8825	14.16	3.4	0.364	12.862	0	
81A-1678	2020-05-05 14:34:10	774	2	02:00	3.890000	0.9994	3.200	0.9984	13.84	3.4	0.474	13.82	0	
81A-1678	2020-05-05 14:37:41	775	3	02:00	2.230000	0.9988	1.880	0.9979	13.77	3.4	0.435	12.977	0	
81A-1678	2020-05-05 14:41:12	776	4	02:00	2.440000	0.9992	2.200	0.9987	13.69	3.4	0.475	13.651	0	
81A-1678	2020-05-05 15:00:38	777	1	02:00	2.510000	0.9977	1.580	0.9919	14.75	3.4	0.364	12.865	0	
81A-1678	2020-05-05 15:04:10	778	2	02:00	3.790000	0.9995	3.150	0.9986	14.4	3.4	0.475	13.821	0	
81A-1678	2020-05-05 15:07:42	779	3	02:00	2.220000	0.9992	1.930	0.9985	14.17	3.4	0.435	12.975	0	
81A-1678	2020-05-05 15:11:12	780	4	02:00	2.270000	0.9992	2.140	0.9991	13.81	3.4	0.475	13.662	0	
81A-1678	2020-05-05 15:30:38	781	1	02:00	2.040000	0.9975	1.670	0.9965	14.56	3.4	0.363	12.864	0	
81A-1678	2020-05-05 15:34:09	782	2	02:00	3.810000	0.9994	3.220	0.9985	14.22	3.4	0.475	13.812	0	
81A-1678	2020-05-05 15:37:39	783	3	02:00	2.140000	0.9990	1.720	0.9974	14.27	3.393	0.434	12.982	0	
81A-1678	2020-05-05 15:41:10	784	4	02:00	2.380000	0.9994	2.170	0.9990	14.11	3.4	0.475	13.656	0	
81A-1678	2020-05-05 16:00:38	785	1	02:00	5.120000	0.9921	2.200	0.9591	15.29	3.4	0.363	12.892	0	
81A-1678	2020-05-05 16:04:09	786	2	02:00	4.020000	0.9994	3.300	0.9980	15.2	3.4	0.475	13.827	0	
81A-1678	2020-05-05 16:07:42	787	3	02:00	2.430000	0.9990	2.010	0.9981	15.28	3.364	0.434	12.993	0	
81A-1678	2020-05-05 16:11:13	788	4	02:00	2.240000	0.9995	2.110	0.9994	14.62	3.4	0.475	13.69	0	
81A-1678	2020-05-05 16:30:38	789	1	02:00	3.200000	0.9772	1.540	0.9618	15.29	3.4	0.363	12.906	0	
81A-1678	2020-05-05 16:34:09	790	2	02:00	4.060000	0.9995	3.350	0.9982	14.94	3.4	0.475	13.837	0	
81A-1678	2020-05-05 16:37:42	791	3	02:00	2.050000	0.9985	1.780	0.9975	14.84	3.325	0.434	13.014	0	
81A-1678	2020-05-05 16:41:12	792	4	02:00	2.320000	0.9994	2.130	0.9992	14.24	3.4	0.475	13.71	0	
81A-1678	2020-05-05 17:00:38	793	1	02:00	2.770000	0.9886	2.770	0.9886	14.53	3.4	0.363	12.905	0	
81A-1678	2020-05-05 17:04:12	794	2	02:00	4.010000	0.9995	3.250	0.9981	14.12	3.4	0.474	13.833	0	
81A-1678	2020-05-05 17:07:45	795	3	02:00	2.420000	0.9991	2.020	0.9983	14.07	3.329	0.434	13.009	0	
81A-1678	2020-05-05 17:11:16	796	4	02:00	2.490000	0.9993	2.180	0.9986	13.96	3.4	0.474	13.716	0	
81A-1678	2020-05-05 17:30:38	797	1	02:00	1.620000	0.9932	1.610	0.9932	14.53	3.4	0.363	12.884	0	
81A-1678	2020-05-05 17:34:09	798	2	02:00	3.990000	0.9997	3.380	0.9988	14.2	3.4	0.475	13.83	0	
81A-1678	2020-05-05 17:37:40	799	3	02:00	2.680000	0.9992	1.980	0.9965	14.23	3.307	0.434	13.007	0	
81A-1678	2020-05-05 17:41:14	800	4	02:00	2.450000	0.9993	2.160	0.9988	14.17	3.4	0.474	13.703	0	
81A-1678	2020-05-05 18:00:39	801	1	02:00	0.720000	0.6674	0.720	0.6674	14.77	3.4	0.363	12.9	0	
81A-1678	2020-05-05 18:04:13	802	2	02:00	3.680000	0.9995	3.210	0.9988	14.29	3.4	0.474	13.824	0	
81A-1678	2020-05-05 18:07:43	803	3	02:00	2.140000	0.9988	1.890	0.9985	13.98	3.3	0.434	12.99	0	
81A-1678	2020-05-05 18:11:13	804	4	02:00	2.380000	0.9993	2.130	0.9990	13.7	3.4	0.474	13.688	0	
81A-1678	2020-05-05 18:30:38	805	1	02:00	1.880000	0.8909	1.470	0.8988	13.72	3.4	0.363	12.879	0	
81A-1678	2020-05-05 18:34:10	806	2	02:00	4.380000	0.9997	3.530	0.9982	13.61	3.4	0.474	13.814	0	
81A-1678	2020-05-05 18:37:44	807	3	02:00	2.540000	0.9991	2.030	0.9981	13.47	3.3	0.434	12.97	0	
81A-1678	2020-05-05 18:41:16	808	4	02:00	2.440000	0.9995	2.200	0.9992	13.31	3.4	0.474	13.669	0	
81A-1678	2020-05-05 19:00:38	809	1	02:00	2.050000	0.9774	2.050	0.9774	13.42	3.4	0.363	12.861	0	
81A-1678	2020-05-05 19:04:12	810	2	02:00	4.120000	0.9996	3.360	0.9982	13.29	3.4	0.474	13.786	0	
81A-1678	2020-05-05 19:07:46	811	3	02:00	2.230000	0.9983	1.650	0.9953	13.23	3.3	0.433	12.939	0	
81A-1678	2020-05-05 19:11:19	812	4	02:00	2.500000	0.9992	2.150	0.9984	12.88	3.4	0.474	13.622	0	
81A-1678	2020-05-05 19:30:38	813	1	02:00	3.920000	0.9953	1.680	0.9802	12.93	3.4	0.363	12.837	0	
81A-1678	2020-05-05 19:34:10	814	2	02:00	4.080000	0.9995	3.300	0.9980	12.86	3.4	0.473	13.745	0	
81A-1678	2020-05-05 19:37:43	815	3	02:00	2.670000	0.9992	2.070	0.9974	12.73	3.342	0.433	12.898	0	
81A-1678	2020-05-05 19:41:16	816	4	02:00	2.330000	0.9994	2.130	0.9991	12.62	3.4	0.474	13.576	0	
81A-1678	2020-05-05 20:00:38	817	1	02:00	13.640000	0.9374	1.290	0.7454	12.58	3.4	0.363	12.795	0	
81A-1678	2020-05-05 20:04:10	818	2	02:00	4.530000	0.9992	3.450	0.9974	12.55	3.4	0.473	13.718	0	
81A-1678	2020-05-05 20:07:44	819	3	02:00	2.290000	0.9993	2.050	0.9991	12.4	3.3	0.432	12.854	0	
81A-1678	2020-05-05 20:11:15	820	4	02:00	2.250000	0.9992	2.090	0.9991	12.3	3.4	0.473	13.529	0	
81A-1678	2020-05-05 20:30:38	821	1	02:00	2.630000	0.9660	1.110	0.8574	12.21	3.4	0.363	12.763	0	
81A-1678	2020-05-05 20:34:09	822	2	02:00	4.190000	0.9994	3.430	0.9982	11.75	3.4	0.471	13.678	0	
81A-1678	2020-05-05 20:37:41	823	3	02:00	2.640000	0.9990	2.250	0.9983	11.22	3.336	0.425	12.801	0	
81A-1678	2020-05-05 20:41:12	824	4	02:00	2.190000	0.9994	2.190	0.9994	11.19	3.4	0.473	13.469	0	
81A-1678	2020-05-05 21:00:38	825	1	02:00	3.660000	0.9965	2.260	0.9892	10.48	3.4	0.363	12.716	0	
81A-1678	2020-05-05 21:04:10	826	2	02:00	4.530000	0.9994	3.710	0.9985	10.5	3.4	0.49	13.62	0	
81A-1678	2020-05-05 21:07:41	827	3	02:00	2.900000	0.9991	2.440	0.9982	10.27	3.4	0.436	12.731	0	
81A-1678	2020-05-05 21:11:11	828	4	02:00	2.630000	0.9994	2.340	0.9990	10.36	3.4	0.477	13.378	0	
81A-1678	2020-05-05 21:30:38	829	1	02:00	3.540000	0.9724	3.540	0.9724	10.5	3.4	0.375	12.677	0	
81A-1678	2020-05-05 21:34:12	830	2	02:00	4.680000	0.9995	3.890	0.9984	10.49	3.4	0.5	13.58	0	
81A-1678	2020-05-05 21:37:43	831	3	02:00	2.730000	0.9994	2.410	0.9989	10.36	3.4	0.445	12.644	0	
81A-1678	2020-05-05 21:41:13	832	4	02:00	2.290000	0.9992	2.260	0.9992	10.42	3.4	0.463	13.286	0	
81A-1678	2020-05-05 22:00:38	833	1	02:00	4.270000	0.9954	2.130	0.9746	10.33	3.4	0.416	12.613	0	
81A-1678	2020-05-05 22:04:12	834	2	02:00	4.600000	0.9993	3.820	0.9982	10.41	3.4	0.504	13.47	0	
81A-1678	2020-05-05 22:07:42	835	3	02:00	2.880000	0.9995	2.340	0.9980	10.38	3.4	0.448	12.53	0	
81A-1678	2020-05-05 22:11:15	836	4	02:00	2.290000	0.9994	2.200	0.9994	10.27	3.4	0.463	13.161	0	
81A-1678	2020-05-05 22:30:38	837	1	02:00	4.960000	0.9993	2.550	0.9842	10.09	3.4	0.421	12.557	0	
81A-1678	2020-05-05 22:34:09	838	2	02:00	4.520000	0.9996	3.820	0.9986	10.16	3.4	0.505	13.363	0	
81A-1678	2020-05-05 22:37:39	839	3	02:00	2.380000	0.9995	2.210	0.9994	9.95	3.396	0.446	12.449	0	
81A-1678	2020-05-05 22:41:09	840	4	02:00	1.980000	0.9993	1.980	0.9993	9.99	3.4	0.468	13.061	0	
81A-1678	2020-05-05 23:00:38	841	1	02:00	7.680000	0.9846	3.300	0.9407	9.91	3.4	0.426	12.459	0	
81A-1678	2020-05-05 23:04:09	842	2	02:00	4.760000	0.9995	3.990	0.9984	10.01	3.4	0.506	13.251	0	
81A-1678	2020-05-05 23:07:40	843	3	02:00	2.590000	0.9991	2.130	0.9976	9.78	3.4	0.449	12.35	0	
81A-1678	2020-05-05 23:11:13	844	4	02:00	1.890000	0.9990	1.890	0.9990	9.66	3.4	0.466	12.967	0	
81A-1678	2020-05-05 23:30:38	845	1	02:00	4.230000	0.9972	1.930	0.9738	9.32	3.4	0.421	12.356	0	
81A-1678	2020-05-05 23:34:09	846	2	02:00	4.780000	0.9997	3.810	0.9981	9.5	3.4	0.504	13.162	0	
81A-1678	2020-05-05 23:37:42	847	3	02:00	2.520000	0.9991	2.130	0.9979	9.29	3.4	0.447	12.28	0	
81A-1678	2020-05-05 23:41:12	848	4	02:00	1.960000	0.9989	1.910	0.9989	9.45	3.4	0.465	12.873	0	
81A-1678	2020-05-06 00:00:38	849	1	02:00	5.090000	0.9985	3.350	0.9936	9.5	3.4	0.418	12.29	0	
81A-1678	2020-05-06 00:04:11	850	2	02:00	5.260000	0.9997	3.920	0.9968	9.6	3.4	0.502	13.112	0	
81A-1678	2020-05-06 00:07:44	851	3	02:00	2.310000	0.9991	2.000	0.9981	9.61	3.4	0.443	12.232	0	
81A-1678	2020-05-06 00:11:14	852	4	02:00	2.140000	0.9989	1.950	0.9985	9.49	3.4	0.472	12.821	0	
81A-1678	2020-05-06 00:30:38	853	1	02:00	3.410000	0.9985	2.340	0.9908	9.34	3.4	0.421	12.245	0	
81A-1678	2020-05-06 00:34:12	854	2	02:00	4.660000	0.9996	3.790	0.9980	9.6	3.4	0.503	13.053	0	
81A-1678	2020-05-06 00:37:45	855	3	02:00	2.320000	0.9994	2.000	0.9983	9.49	3.4	0.442	12.165	0	
81A-1678	2020-05-06 00:41:16	856	4	02:00	2.210000	0.9991	1.970	0.9985	9.32	3.4	0.465	12.758	0	
81A-1678	2020-05-06 01:00:38	857	1	02:00	7.290000	0.9818	2.510	0.9281	9.21	3.4	0.419	12.187	0	
81A-1678	2020-05-06 01:04:08	858	2	02:00	4.510000	0.9996	3.720	0.9982	9.54	3.4	0.502	13.012	0	
81A-1678	2020-05-06 01:07:42	859	3	02:00	2.560000	0.9990	2.010	0.9973	9.39	3.4	0.441	12.128	0	
81A-1678	2020-05-06 01:11:14	860	4	02:00	1.990000	0.9992	1.790	0.9989	9.5	3.4	0.473	12.714	0	
81A-1678	2020-05-06 01:30:38	861	1	02:00	4.100000	0.9939	2.160	0.9780	9.43	3.4	0.418	12.14	0	
81A-1678	2020-05-06 01:34:09	862	2	02:00	4.560000	0.9995	3.710	0.9979	9.65	3.4	0.501	12.982	0	
81A-1678	2020-05-06 01:37:43	863	3	02:00	2.290000	0.9993	1.980	0.9985	9.57	3.4	0.439	12.08	0	
81A-1678	2020-05-06 01:41:13	864	4	02:00	2.030000	0.9990	1.880	0.9989	9.53	3.4	0.474	12.657	0	
81A-1678	2020-05-06 02:00:38	865	1	02:00	3.620000	0.9988	2.270	0.9911	9.34	3.4	0.414	12.131	0	
81A-1678	2020-05-06 02:04:10	866	2	02:00	4.120000	0.9995	3.560	0.9987	9.53	3.4	0.5	12.95	0	
81A-1678	2020-05-06 02:07:40	867	3	02:00	2.170000	0.9990	1.910	0.9984	9.41	3.4	0.437	12.05	0	
81A-1678	2020-05-06 02:11:10	868	4	02:00	1.980000	0.9993	1.810	0.9990	9.26	3.4	0.481	12.607	0	
81A-1678	2020-05-06 02:30:38	869	1	02:00	4.110000	0.8977	1.840	0.8339	9.23	3.4	0.411	12.088	0	
81A-1678	2020-05-06 02:34:08	870	2	02:00	4.410000	0.9993	3.610	0.9977	9.27	3.4	0.5	12.924	0	
81A-1678	2020-05-06 02:37:41	871	3	02:00	2.560000	0.9993	1.960	0.9978	9.17	3.387	0.435	12.009	0	
81A-1678	2020-05-06 02:41:12	872	4	02:00	1.880000	0.9992	1.780	0.9990	9.36	3.4	0.484	12.555	0	
81A-1678	2020-05-06 03:00:38	873	1	02:00	1.430000	0.9772	1.430	0.9772	9.27	3.4	0.409	12.054	0	
81A-1678	2020-05-06 03:04:11	874	2	02:00	4.450000	0.9996	3.580	0.9980	9.46	3.4	0.499	12.883	0	
81A-1678	2020-05-06 03:07:45	875	3	02:00	2.380000	0.9991	2.020	0.9985	9.22	3.409	0.434	11.967	0	
81A-1678	2020-05-06 03:11:16	876	4	02:00	1.750000	0.9990	1.750	0.9990	9.34	3.4	0.485	12.502	0	
81A-1678	2020-05-06 03:30:38	877	1	02:00	4.480000	0.9123	1.780	0.8096	9.42	3.4	0.408	12.029	0	
81A-1678	2020-05-06 03:34:12	878	2	02:00	4.170000	0.9996	3.610	0.9988	9.51	3.4	0.498	12.871	0	
81A-1678	2020-05-06 03:37:42	879	3	02:00	2.400000	0.9992	2.020	0.9982	9.48	3.329	0.433	11.937	0	
81A-1678	2020-05-06 03:41:12	880	4	02:00	1.950000	0.9988	1.790	0.9985	9.52	3.4	0.486	12.464	0	
81A-1678	2020-05-06 04:00:38	881	1	02:00	12.570000	0.9957	2.590	0.8893	9.58	3.4	0.406	11.953	0	
81A-1678	2020-05-06 04:04:11	882	2	02:00	4.370000	0.9996	3.680	0.9985	9.78	3.4	0.498	12.835	0	
81A-1678	2020-05-06 04:07:44	883	3	02:00	2.380000	0.9989	1.990	0.9978	9.8	3.3	0.433	11.918	0	
81A-1678	2020-05-06 04:11:14	884	4	02:00	2.040000	0.9988	1.900	0.9987	9.69	3.4	0.485	12.461	0	
81A-1678	2020-05-06 04:30:38	885	1	02:00	2.400000	0.9919	2.400	0.9919	9.8	3.4	0.405	11.304	0	
81A-1678	2020-05-06 04:34:12	886	2	02:00	4.530000	0.9994	3.540	0.9976	9.99	3.4	0.497	12.806	0	
81A-1678	2020-05-06 04:37:46	887	3	02:00	2.390000	0.9991	1.970	0.9979	9.95	3.3	0.433	11.895	0	
81A-1678	2020-05-06 04:41:16	888	4	02:00	2.040000	0.9987	1.870	0.9984	9.86	3.4	0.485	12.422	0	
81A-1678	2020-05-06 05:00:38	889	1	02:00	4.180000	0.9890	2.610	0.9812	9.9	3.4	0.404	11.977	0	
81A-1678	2020-05-06 05:04:10	890	2	02:00	4.530000	0.9996	3.580	0.9976	10.03	3.4	0.497	12.8	0	
81A-1678	2020-05-06 05:07:43	891	3	02:00	2.230000	0.9990	1.920	0.9979	10.03	3.3	0.433	11.876	0	
81A-1678	2020-05-06 05:11:13	892	4	02:00	1.960000	0.9989	1.850	0.9988	9.91	3.4	0.485	12.408	0	
81A-1678	2020-05-06 05:30:38	893	1	02:00	3.750000	0.9945	2.070	0.9843	9.72	3.4	0.403	11.946	0	
81A-1678	2020-05-06 05:34:10	894	2	02:00	4.200000	0.9997	3.410	0.9980	9.92	3.4	0.497	12.776	0	
81A-1678	2020-05-06 05:37:44	895	3	02:00	2.230000	0.9992	1.990	0.9987	9.76	3.291	0.433	11.859	0	
81A-1678	2020-05-06 05:41:14	896	4	02:00	2.000000	0.9989	1.820	0.9985	9.71	3.4	0.486	12.377	0	
81A-1678	2020-05-06 06:00:38	897	1	02:00	1.760000	0.9893	1.740	0.9893	9.75	3.4	0.402	11.716	0	
81A-1678	2020-05-06 06:04:08	898	2	02:00	4.220000	0.9995	3.490	0.9983	9.81	3.4	0.496	12.744	0	
81A-1678	2020-05-06 06:07:40	899	3	02:00	2.240000	0.9986	1.950	0.9981	9.65	3.3	0.432	11.83	0	
81A-1678	2020-05-06 06:11:10	900	4	02:00	1.890000	0.9991	1.800	0.9990	9.62	3.4	0.485	12.35	0	
81A-1678	2020-05-06 06:30:38	901	1	02:00	4.000000	0.9942	2.600	0.9895	9.63	3.4	0.401	11.14	0	
81A-1678	2020-05-06 06:34:10	902	2	02:00	4.600000	0.9995	3.630	0.9977	9.74	3.4	0.495	12.732	0	
81A-1678	2020-05-06 06:37:44	903	3	02:00	2.410000	0.9993	1.950	0.9982	9.75	3.3	0.431	11.802	0	
81A-1678	2020-05-06 06:41:16	904	4	02:00	1.980000	0.9993	1.800	0.9991	9.64	3.4	0.486	12.32	0	
81A-1678	2020-05-06 07:00:38	905	1	02:00	5.110000	0.9969	2.660	0.9810	9.77	3.4	0.4	11.927	0	
81A-1678	2020-05-06 07:04:09	906	2	02:00	4.790000	0.9995	3.680	0.9972	9.87	3.4	0.495	12.717	0	
81A-1678	2020-05-06 07:07:42	907	3	02:00	2.660000	0.9992	1.990	0.9971	9.76	3.3	0.431	11.78	0	
81A-1678	2020-05-06 07:11:15	908	4	02:00	2.060000	0.9989	1.810	0.9985	9.77	3.4	0.485	12.296	0	
81A-1678	2020-05-06 07:30:38	909	1	02:00	7.790000	0.9617	1.760	0.8798	9.77	3.4	0.399	11.197	0	
81A-1678	2020-05-06 07:34:10	910	2	02:00	4.540000	0.9993	3.600	0.9976	9.95	3.4	0.495	12.686	0	
81A-1678	2020-05-06 07:37:43	911	3	02:00	2.480000	0.9986	1.980	0.9971	9.91	3.3	0.43	11.76	0	
81A-1678	2020-05-06 07:41:13	912	4	02:00	1.920000	0.9988	1.780	0.9986	9.87	3.4	0.485	12.271	0	
81A-1678	2020-05-06 08:00:38	913	1	02:00	7.050000	0.9619	1.540	0.8819	9.96	3.4	0.399	11.896	0	
81A-1678	2020-05-06 08:04:11	914	2	02:00	3.830000	0.9994	3.340	0.9987	10.02	3.4	0.495	12.683	0	
81A-1678	2020-05-06 08:07:41	915	3	02:00	2.230000	0.9992	1.900	0.9986	9.94	3.3	0.43	11.748	0	
81A-1678	2020-05-06 08:11:12	916	4	02:00	1.980000	0.9988	1.820	0.9986	9.94	3.4	0.485	12.275	0	
81A-1678	2020-05-06 08:30:38	917	1	02:00	4.170000	0.9980	2.210	0.9887	9.95	3.4	0.398	11.868	0	
81A-1678	2020-05-06 08:34:10	918	2	02:00	4.510000	0.9995	3.620	0.9979	10.13	3.4	0.495	12.667	0	
81A-1678	2020-05-06 08:37:44	919	3	02:00	2.490000	0.9991	2.000	0.9980	10.1	3.3	0.43	11.739	0	
81A-1678	2020-05-06 08:41:16	920	4	02:00	2.050000	0.9995	1.860	0.9992	9.98	3.4	0.484	12.259	0	
81A-1678	2020-05-06 09:00:38	921	1	02:00	2.850000	0.9978	2.250	0.9957	10.12	3.4	0.398	11.841	0	
81A-1678	2020-05-06 09:04:09	922	2	02:00	4.240000	0.9995	3.580	0.9982	10.19	3.365	0.494	12.66	0	
81A-1678	2020-05-06 09:07:41	923	3	02:00	2.480000	0.9992	2.000	0.9982	10.07	3.3	0.429	11.722	0	
81A-1678	2020-05-06 09:11:13	924	4	02:00	2.050000	0.9992	1.890	0.9990	9.99	3.4	0.484	12.231	0	
81A-1678	2020-05-06 09:30:38	925	1	02:00	3.810000	0.9980	2.110	0.9866	10.07	3.4	0.398	11.828	0	
81A-1678	2020-05-06 09:34:10	926	2	02:00	4.480000	0.9994	3.590	0.9977	10.27	3.375	0.494	12.636	0	
81A-1678	2020-05-06 09:37:43	927	3	02:00	2.350000	0.9986	2.020	0.9977	10.31	3.3	0.429	11.709	0	
81A-1678	2020-05-06 09:41:13	928	4	02:00	2.070000	0.9989	1.880	0.9986	10.16	3.4	0.484	12.235	0	
