Serial Number	Date_IV	Obs#	Port#	Observation Length	Exp_Flux	Exp_R2	Lin_Flux	Lin_R2	Tcham_IV	V1_IV	V2_IV	V3_IV	V4_IV	
81A-1678	2020-05-21 08:07:55	1	1	02:00	0.690000	0.9906	0.690	0.9906	12.13	3.4	0.369	12.24	0.051	
81A-1678	2020-05-21 08:11:28	2	2	02:00	2.550000	0.9988	2.150	0.9973	12.35	3.4	0.451	12.63	0.05	
81A-1678	2020-05-21 08:15:00	3	3	02:00	0.960000	0.9893	0.620	0.9761	12.25	3.4	0.394	11.569	0.049	
81A-1678	2020-05-21 08:18:34	4	4	02:00	1.860000	0.9994	1.720	0.9992	12.17	3.4	0.439	12.167	0.049	
81A-1678	2020-05-21 08:36:44	5	1	02:00	2.240000	0.9995	2.210	0.9995	12.78	3.3	0.375	12.22	0.047	
81A-1678	2020-05-21 08:40:14	6	2	02:00	2.450000	0.9993	2.200	0.9987	12.86	3.4	0.451	12.653	0.046	
81A-1678	2020-05-21 08:43:44	7	3	02:00	0.740000	0.9905	0.570	0.9864	12.74	3.393	0.397	11.634	0.046	
81A-1678	2020-05-21 08:47:14	8	4	02:00	1.790000	0.9991	1.720	0.9990	12.68	3.4	0.439	12.197	0.046	
81A-1678	2020-05-21 09:06:44	9	1	02:00	2.280000	0.9994	2.200	0.9993	13.76	3.3	0.37	12.11	0.046	
81A-1678	2020-05-21 09:10:14	10	2	02:00	2.310000	0.9993	2.150	0.9991	13.96	3.4	0.452	12.677	0.045	
81A-1678	2020-05-21 09:13:44	11	3	02:00	1.130000	0.9896	0.590	0.9748	13.86	3.32	0.398	11.698	0.045	
81A-1678	2020-05-21 09:17:15	12	4	02:00	1.840000	0.9991	1.790	0.9991	14	3.4	0.439	12.276	0.044	
81A-1678	2020-05-21 09:36:44	13	1	02:00	2.240000	0.9996	2.170	0.9996	14.87	3.3	0.37	12.256	0.045	
81A-1678	2020-05-21 09:40:14	14	2	02:00	2.470000	0.9993	2.210	0.9987	15.06	3.4	0.452	12.74	0.044	
81A-1678	2020-05-21 09:43:44	15	3	02:00	0.950000	0.9928	0.730	0.9861	14.79	3.3	0.399	11.761	0.044	
81A-1678	2020-05-21 09:47:17	16	4	02:00	1.820000	0.9991	1.780	0.9991	14.47	3.4	0.439	12.383	0.043	
81A-1678	2020-05-21 10:06:44	17	1	02:00	2.260000	0.9995	2.170	0.9994	15.43	3.3	0.371	12.478	0.044	
81A-1678	2020-05-21 10:10:14	18	2	02:00	2.650000	0.9989	2.290	0.9977	15.83	3.365	0.452	12.8	0.043	
81A-1678	2020-05-21 10:13:44	19	3	02:00	0.900000	0.9837	0.560	0.9698	15.68	3.3	0.399	11.316	0.043	
81A-1678	2020-05-21 10:17:18	20	4	02:00	1.890000	0.9991	1.820	0.9991	15.35	3.4	0.44	12.507	0.043	
81A-1678	2020-05-21 10:36:44	21	1	02:00	2.480000	0.9994	2.340	0.9993	16.52	3.3	0.37	12.007	0.043	
81A-1678	2020-05-21 10:40:14	22	2	02:00	2.830000	0.9986	2.280	0.9966	16.96	3.413	0.452	12.874	0.042	
81A-1678	2020-05-21 10:43:46	23	3	02:00	0.990000	0.9908	0.710	0.9827	16.85	3.3	0.4	11.966	0.042	
81A-1678	2020-05-21 10:47:19	24	4	02:00	1.830000	0.9994	1.760	0.9993	16.43	3.393	0.44	12.654	0.042	
81A-1678	2020-05-21 11:06:44	25	1	02:00	2.190000	0.9993	2.190	0.9993	17.64	3.3	0.37	12.539	0.042	
81A-1678	2020-05-21 11:10:18	26	2	02:00	2.480000	0.9990	2.210	0.9983	17.72	3.3	0.453	12.973	0.047	
81A-1678	2020-05-21 11:13:48	27	3	02:00	1.200000	0.9954	0.770	0.9817	17.58	3.3	0.4	12.083	0.041	
81A-1678	2020-05-21 11:17:21	28	4	02:00	1.840000	0.9993	1.820	0.9993	17.23	3.34	0.44	12.793	0.041	
81A-1678	2020-05-21 11:36:44	29	1	02:00	2.510000	0.9997	2.340	0.9994	19.29	3.24	0.371	12.108	0.045	
81A-1678	2020-05-21 11:40:14	30	2	02:00	2.510000	0.9996	2.340	0.9994	19.2	3.3	0.454	13.064	0.059	
81A-1678	2020-05-21 11:43:44	31	3	02:00	1.180000	0.9921	0.780	0.9807	19.29	3.3	0.401	12.213	0.047	
81A-1678	2020-05-21 11:47:18	32	4	02:00	1.980000	0.9993	1.940	0.9993	18.79	3.3	0.441	13.029	0.042	
81A-1678	2020-05-21 12:06:44	33	1	02:00	2.450000	0.9996	2.410	0.9996	19.66	3.2	0.371	12.548	0.054	
81A-1678	2020-05-21 12:10:14	34	2	02:00	2.500000	0.9994	2.330	0.9992	19.53	3.3	0.454	13.189	0.065	
81A-1678	2020-05-21 12:13:44	35	3	02:00	1.340000	0.9970	0.940	0.9925	19.39	3.3	0.401	12.327	0.052	
81A-1678	2020-05-21 12:17:16	36	4	02:00	1.880000	0.9991	1.790	0.9990	19.22	3.3	0.441	13.21	0.043	
81A-1678	2020-05-21 12:36:44	37	1	02:00	2.580000	0.9997	2.540	0.9997	18.94	3.189	0.374	12.461	0.049	
81A-1678	2020-05-21 12:40:14	38	2	02:00	2.570000	0.9993	2.310	0.9989	19	3.3	0.454	13.285	0.063	
81A-1678	2020-05-21 12:43:44	39	3	02:00	1.390000	0.9964	1.060	0.9919	18.88	3.3	0.401	12.484	0.049	
81A-1678	2020-05-21 12:47:15	40	4	02:00	1.830000	0.9992	1.710	0.9990	18.61	3.3	0.44	13.315	0.039	
81A-1678	2020-05-21 13:06:44	41	1	02:00	2.960000	0.9997	2.750	0.9994	18.86	3.218	0.37	12.977	0.047	
81A-1678	2020-05-21 13:10:14	42	2	02:00	2.400000	0.9995	2.260	0.9993	18.63	3.3	0.454	13.37	0.06	
81A-1678	2020-05-21 13:13:44	43	3	02:00	1.300000	0.9971	0.910	0.9896	18.57	3.3	0.4	11.579	0.046	
81A-1678	2020-05-21 13:17:18	44	4	02:00	1.820000	0.9991	1.660	0.9989	18.6	3.3	0.44	13.398	0.039	
81A-1678	2020-05-21 13:36:44	45	1	02:00	3.500000	0.9997	3.000	0.9988	20.78	3.235	0.37	13.177	0.057	
81A-1678	2020-05-21 13:40:16	46	2	02:00	2.600000	0.9993	2.320	0.9988	20.07	3.3	0.454	13.457	0.071	
81A-1678	2020-05-21 13:43:46	47	3	02:00	1.410000	0.9981	1.120	0.9956	20.19	3.309	0.401	12.27	0.057	
81A-1678	2020-05-21 13:47:18	48	4	02:00	1.740000	0.9991	1.670	0.9991	19.7	3.3	0.44	13.517	0.046	
81A-1678	2020-05-21 14:06:44	49	1	02:00	3.020000	0.9996	2.790	0.9993	21.64	3.2	0.371	13.383	0.067	
81A-1678	2020-05-21 14:10:14	50	2	02:00	2.800000	0.9994	2.470	0.9986	21.28	3.3	0.454	13.555	0.082	
81A-1678	2020-05-21 14:13:44	51	3	02:00					21.1123	3.2	0.401	12.3776	0.065	
81A-1678	2020-05-21 14:17:16	52	4	02:00	1.860000	0.9992	1.700	0.9990	20.78	3.3	0.44	13.65	0.053	
81A-1678	2020-05-21 14:36:44	53	1	02:00	3.360000	0.9996	3.020	0.9991	22.72	3.2	0.371	12.787	0.086	
81A-1678	2020-05-21 14:40:14	54	2	02:00	2.920000	0.9994	2.640	0.9990	21.75	3.3	0.455	13.665	0.091	
81A-1678	2020-05-21 14:43:44	55	3	02:00	1.460000	0.9962	1.020	0.9893	21.14	3.2	0.402	12.89	0.068	
81A-1678	2020-05-21 14:47:18	56	4	02:00	2.490000	0.9312	0.880	0.8230	20.66	3.3	0.44	13.784	0.055	
81A-1678	2020-05-21 15:06:44	57	1	02:00	3.230000	0.9997	2.910	0.9993	21.81	3.2	0.37	13.177	0.077	
81A-1678	2020-05-21 15:10:14	58	2	02:00	3.200000	0.9991	2.580	0.9975	21.43	3.3	0.455	13.756	0.089	
81A-1678	2020-05-21 15:13:46	59	3	02:00	1.750000	0.9973	0.970	0.9806	21.83	3.2	0.402	12.984	0.068	
81A-1678	2020-05-21 15:17:20	60	4	02:00	1.790000	0.9989	1.790	0.9989	20.88	3.3	0.441	13.933	0.057	
81A-1678	2020-05-21 15:36:44	61	1	02:00	2.940000	0.9997	2.740	0.9995	21.14	3.2	0.37	13.589	0.073	
81A-1678	2020-05-21 15:40:14	62	2	02:00	2.780000	0.9996	2.410	0.9987	21.14	3.3	0.454	13.834	0.084	
81A-1678	2020-05-21 15:43:45	63	3	02:00	1.320000	0.9951	0.910	0.9849	21.27	3.2	0.402	12.563	0.069	
81A-1678	2020-05-21 15:47:19	64	4	02:00	1.880000	0.9991	1.880	0.9991	20.48	3.3	0.44	14.032	0.052	
81A-1678	2020-05-21 16:06:44	65	1	02:00	2.690000	0.9996	2.640	0.9996	20.66	3.2	0.37	12.764	0.063	
81A-1678	2020-05-21 16:10:14	66	2	02:00	2.660000	0.9991	2.400	0.9987	20.84	3.3	0.455	13.901	0.08	
81A-1678	2020-05-21 16:13:44	67	3	02:00	1.310000	0.9954	1.020	0.9905	20.7	3.2	0.402	13.154	0.063	
81A-1678	2020-05-21 16:17:16	68	4	02:00	1.880000	0.9989	1.850	0.9989	20.19	3.3	0.44	14.116	0.051	
81A-1678	2020-05-21 16:36:44	69	1	02:00	3.140000	0.9996	2.880	0.9994	20.56	3.2	0.37	13.665	0.061	
81A-1678	2020-05-21 16:40:14	70	2	02:00	2.900000	0.9990	2.420	0.9977	20.43	3.3	0.454	13.944	0.076	
81A-1678	2020-05-21 16:43:44	71	3	02:00	1.450000	0.9952	1.030	0.9880	20.11	3.2	0.402	12.736	0.059	
81A-1678	2020-05-21 16:47:18	72	4	02:00	1.990000	0.9993	1.880	0.9991	19.89	3.3	0.44	14.17	0.047	
81A-1678	2020-05-21 17:06:44	73	1	02:00	3.450000	0.9997	3.000	0.9990	19.94	3.2	0.37	13.703	0.056	
81A-1678	2020-05-21 17:10:14	74	2	02:00	2.940000	0.9994	2.560	0.9987	19.75	3.3	0.454	13.999	0.07	
81A-1678	2020-05-21 17:13:44	75	3	02:00	1.670000	0.9950	1.140	0.9868	19.55	3.231	0.401	12.623	0.054	
81A-1678	2020-05-21 17:17:18	76	4	02:00	1.860000	0.9994	1.760	0.9993	19.49	3.3	0.44	14.198	0.043	
81A-1678	2020-05-21 17:36:44	77	1	02:00	4.040000	0.9997	3.130	0.9974	19.45	3.2	0.37	13.734	0.052	
81A-1678	2020-05-21 17:40:17	78	2	02:00	3.600000	0.9992	2.620	0.9962	19.28	3.3	0.454	14.019	0.065	
81A-1678	2020-05-21 17:43:50	79	3	02:00	1.640000	0.9980	1.400	0.9970	19.07	3.22	0.401	13.21	0.05	
81A-1678	2020-05-21 17:47:20	80	4	02:00	1.900000	0.9991	1.740	0.9989	19.02	3.3	0.44	14.22	0.041	
81A-1678	2020-05-21 18:06:44	81	1	02:00	4.100000	0.9997	3.330	0.9982	19.12	3.2	0.369	13.294	0.049	
81A-1678	2020-05-21 18:10:17	82	2	02:00	3.490000	0.9988	2.650	0.9964	19	3.3	0.454	14.036	0.062	
81A-1678	2020-05-21 18:13:50	83	3	02:00	1.950000	0.9976	1.350	0.9928	18.86	3.24	0.4	13.209	0.047	
81A-1678	2020-05-21 18:17:23	84	4	02:00	1.950000	0.9993	1.720	0.9988	18.82	3.3	0.44	14.235	0.039	
81A-1678	2020-05-21 18:36:44	85	1	02:00	3.360000	0.9996	3.070	0.9994	18.79	3.2	0.37	13.04	0.046	
81A-1678	2020-05-21 18:40:14	86	2	02:00	3.150000	0.9995	2.650	0.9984	18.62	3.3	0.454	14.032	0.058	
81A-1678	2020-05-21 18:43:46	87	3	02:00	2.150000	0.9960	1.190	0.9837	18.41	3.2	0.4	13.28	0.044	
81A-1678	2020-05-21 18:47:17	88	4	02:00	1.880000	0.9991	1.730	0.9988	18.37	3.3	0.44	13.645	0.038	
81A-1678	2020-05-21 19:06:44	89	1	02:00	3.680000	0.9994	3.140	0.9986	18.25	3.2	0.369	13.261	0.043	
81A-1678	2020-05-21 19:10:15	90	2	02:00	3.050000	0.9992	2.670	0.9985	18.12	3.3	0.454	14.054	0.054	
81A-1678	2020-05-21 19:13:45	91	3	02:00	1.850000	0.9980	1.370	0.9942	18.03	3.253	0.4	12.905	0.041	
81A-1678	2020-05-21 19:17:17	92	4	02:00	1.760000	0.9993	1.760	0.9993	17.99	3.3	0.439	14.268	0.039	
81A-1678	2020-05-21 19:36:44	93	1	02:00	3.610000	0.9997	3.090	0.9987	17.95	3.2	0.369	13.351	0.039	
81A-1678	2020-05-21 19:40:15	94	2	02:00	3.290000	0.9993	2.620	0.9976	17.84	3.3	0.454	14.044	0.051	
81A-1678	2020-05-21 19:43:48	95	3	02:00	2.020000	0.9976	1.290	0.9914	17.7	3.225	0.4	12.656	0.039	
81A-1678	2020-05-21 19:47:20	96	4	02:00	1.870000	0.9989	1.770	0.9988	17.65	3.3	0.439	14.294	0.039	
81A-1678	2020-05-21 20:06:44	97	1	02:00	3.120000	0.9996	2.900	0.9995	17.59	3.2	0.369	13.077	0.039	
81A-1678	2020-05-21 20:10:14	98	2	02:00	3.130000	0.9992	2.600	0.9981	17.5	3.3	0.454	14.042	0.049	
81A-1678	2020-05-21 20:13:44	99	3	02:00	1.800000	0.9970	1.320	0.9904	17.34	3.253	0.4	13.26	0.039	
81A-1678	2020-05-21 20:17:18	100	4	02:00	1.860000	0.9992	1.800	0.9991	17.26	3.3	0.439	14.237	0.039	
81A-1678	2020-05-21 20:36:44	101	1	02:00	3.590000	0.9995	3.060	0.9985	16.99	3.2	0.369	13.265	0.039	
81A-1678	2020-05-21 20:40:14	102	2	02:00	3.220000	0.9993	2.700	0.9980	16.85	3.3	0.454	14.037	0.045	
81A-1678	2020-05-21 20:43:45	103	3	02:00	2.060000	0.9963	1.140	0.9847	16.65	3.247	0.4	12.857	0.039	
81A-1678	2020-05-21 20:47:17	104	4	02:00	1.790000	0.9992	1.790	0.9992	16.57	3.3	0.439	14.227	0.039	
81A-1678	2020-05-21 21:06:44	105	1	02:00	3.720000	0.9996	3.170	0.9986	16.49	3.2	0.369	13.503	0.04	
81A-1678	2020-05-21 21:10:14	106	2	02:00	3.700000	0.9993	2.720	0.9964	16.44	3.3	0.453	14.026	0.041	
81A-1678	2020-05-21 21:13:47	107	3	02:00	2.380000	0.9967	1.380	0.9868	16.34	3.293	0.399	12.487	0.039	
81A-1678	2020-05-21 21:17:18	108	4	02:00	1.920000	0.9991	1.770	0.9988	16.3	3.3	0.439	14.213	0.04	
81A-1678	2020-05-21 21:36:44	109	1	02:00	3.700000	0.9997	3.260	0.9991	16.19	3.2	0.369	13.45	0.04	
81A-1678	2020-05-21 21:40:14	110	2	02:00	3.290000	0.9990	2.710	0.9976	16.12	3.3	0.453	14.016	0.041	
81A-1678	2020-05-21 21:43:45	111	3	02:00	2.000000	0.9979	1.390	0.9933	16.01	3.24	0.399	12.675	0.04	
81A-1678	2020-05-21 21:47:17	112	4	02:00	1.850000	0.9992	1.750	0.9991	15.92	3.3	0.439	14.171	0.04	
81A-1678	2020-05-21 22:06:44	113	1	02:00	4.480000	0.9997	3.580	0.9979	15.91	3.2	0.369	13.606	0.041	
81A-1678	2020-05-21 22:10:17	114	2	02:00	3.660000	0.9994	2.780	0.9968	15.89	3.3	0.453	14.01	0.04	
81A-1678	2020-05-21 22:13:50	115	3	02:00	2.140000	0.9976	1.540	0.9940	15.75	3.309	0.399	12.89	0.04	
81A-1678	2020-05-21 22:17:22	116	4	02:00	1.960000	0.9991	1.710	0.9985	15.7	3.3	0.439	14.128	0.04	
81A-1678	2020-05-21 22:36:44	117	1	02:00	4.610000	0.9997	3.560	0.9976	15.71	3.2	0.369	13.617	0.041	
81A-1678	2020-05-21 22:40:18	118	2	02:00	3.530000	0.9994	2.770	0.9976	15.68	3.3	0.453	13.992	0.04	
81A-1678	2020-05-21 22:43:51	119	3	02:00	1.910000	0.9984	1.350	0.9937	15.55	3.3	0.399	12.766	0.041	
81A-1678	2020-05-21 22:47:24	120	4	02:00	1.920000	0.9990	1.740	0.9986	15.48	3.3	0.439	14.047	0.04	
81A-1678	2020-05-21 23:06:44	121	1	02:00	4.580000	0.9995	3.580	0.9976	15.49	3.2	0.369	13.903	0.041	
81A-1678	2020-05-21 23:10:17	122	2	02:00	3.600000	0.9995	2.820	0.9974	15.44	3.3	0.452	13.971	0.04	
81A-1678	2020-05-21 23:13:50	123	3	02:00	1.930000	0.9984	1.540	0.9962	15.34	3.3	0.399	12.626	0.041	
81A-1678	2020-05-21 23:17:22	124	4	02:00	1.930000	0.9990	1.770	0.9987	15.26	3.3	0.438	14.06	0.04	
81A-1678	2020-05-21 23:36:44	125	1	02:00	4.390000	0.9996	3.510	0.9977	15.35	3.2	0.369	13.481	0.041	
81A-1678	2020-05-21 23:40:17	126	2	02:00	3.300000	0.9990	2.720	0.9975	15.28	3.3	0.453	13.968	0.041	
81A-1678	2020-05-21 23:43:49	127	3	02:00	1.970000	0.9966	1.370	0.9918	15.19	3.298	0.399	13.061	0.041	
81A-1678	2020-05-21 23:47:21	128	4	02:00	1.890000	0.9992	1.730	0.9989	15.1	3.3	0.439	14.053	0.041	
81A-1678	2020-05-22 00:06:44	129	1	02:00	4.450000	0.9997	3.480	0.9974	15.1	3.2	0.369	13.384	0.041	
81A-1678	2020-05-22 00:10:17	130	2	02:00	3.520000	0.9993	2.710	0.9971	15.1	3.3	0.452	13.939	0.041	
81A-1678	2020-05-22 00:13:50	131	3	02:00	1.970000	0.9974	1.410	0.9939	15.01	3.3	0.398	12.994	0.041	
81A-1678	2020-05-22 00:17:22	132	4	02:00	1.910000	0.9987	1.760	0.9985	14.93	3.3	0.439	14.035	0.041	
81A-1678	2020-05-22 00:36:44	133	1	02:00	4.080000	0.9997	3.310	0.9983	15.03	3.2	0.368	13.089	0.042	
81A-1678	2020-05-22 00:40:17	134	2	02:00	3.470000	0.9992	2.730	0.9971	15.06	3.3	0.452	13.915	0.041	
81A-1678	2020-05-22 00:43:51	135	3	02:00	1.850000	0.9969	1.160	0.9895	14.97	3.3	0.398	13.073	0.041	
81A-1678	2020-05-22 00:47:23	136	4	02:00	1.860000	0.9993	1.750	0.9992	14.95	3.3	0.438	14.003	0.041	
81A-1678	2020-05-22 01:06:44	137	1	02:00	3.650000	0.9998	3.320	0.9994	15.08	3.2	0.368	13.005	0.041	
81A-1678	2020-05-22 01:10:15	138	2	02:00	3.370000	0.9991	2.720	0.9974	15.08	3.3	0.452	13.902	0.041	
81A-1678	2020-05-22 01:13:48	139	3	02:00	1.730000	0.9976	1.340	0.9951	15.02	3.3	0.398	13.07	0.041	
81A-1678	2020-05-22 01:17:20	140	4	02:00	1.940000	0.9991	1.760	0.9988	15.01	3.3	0.438	13.821	0.041	
81A-1678	2020-05-22 01:36:44	141	1	02:00	4.010000	0.9996	3.370	0.9989	15.1	3.2	0.369	13.442	0.042	
81A-1678	2020-05-22 01:40:15	142	2	02:00	3.670000	0.9996	2.840	0.9973	15.12	3.3	0.452	13.915	0.041	
81A-1678	2020-05-22 01:43:48	143	3	02:00	1.850000	0.9967	1.480	0.9939	15.07	3.3	0.398	12.709	0.041	
81A-1678	2020-05-22 01:47:20	144	4	02:00	1.880000	0.9990	1.770	0.9989	15.04	3.3	0.438	13.999	0.041	
81A-1678	2020-05-22 02:06:44	145	1	02:00	4.280000	0.9997	3.490	0.9984	15.17	3.2	0.368	14.197	0.041	
81A-1678	2020-05-22 02:10:17	146	2	02:00	3.800000	0.9993	2.880	0.9966	15.19	3.3	0.452	13.893	0.041	
81A-1678	2020-05-22 02:13:50	147	3	02:00	1.890000	0.9972	1.240	0.9877	15.11	3.275	0.398	12.969	0.041	
81A-1678	2020-05-22 02:17:24	148	4	02:00	1.860000	0.9992	1.780	0.9991	15.06	3.3	0.438	13.936	0.041	
81A-1678	2020-05-22 02:36:44	149	1	02:00	3.640000	0.9997	3.220	0.9992	14.85	3.2	0.369	13.689	0.043	
81A-1678	2020-05-22 02:40:15	150	2	02:00	3.740000	0.9992	2.840	0.9965	14.76	3.3	0.451	13.861	0.041	
81A-1678	2020-05-22 02:43:48	151	3	02:00	1.940000	0.9979	1.690	0.9971	14.64	3.3	0.398	12.91	0.041	
81A-1678	2020-05-22 02:47:18	152	4	02:00	2.060000	0.9995	1.990	0.9994	14.56	3.3	0.437	13.912	0.041	
81A-1678	2020-05-22 03:06:44	153	1	02:00	4.040000	0.9994	3.580	0.9989	14.53	3.2	0.365	14.155	0.042	
81A-1678	2020-05-22 03:10:14	154	2	02:00	4.160000	0.9993	3.010	0.9952	14.54	3.3	0.449	13.88	0.042	
81A-1678	2020-05-22 03:13:48	155	3	02:00	2.000000	0.9987	1.910	0.9986	14.49	3.271	0.39	12.724	0.042	
81A-1678	2020-05-22 03:17:18	156	4	02:00	2.490000	0.9995	2.410	0.9995	14.41	3.3	0.415	13.913	0.042	
81A-1678	2020-05-22 03:36:45	157	1	02:00	5.400000	0.9995	4.300	0.9979	14.54	3.2	0.359	13.477	0.043	
81A-1678	2020-05-22 03:40:19	158	2	02:00	4.050000	0.9996	3.270	0.9979	14.57	3.3	0.461	13.842	0.042	
81A-1678	2020-05-22 03:43:52	159	3	02:00	2.120000	0.9993	1.940	0.9989	14.52	3.271	0.387	13.01	0.042	
81A-1678	2020-05-22 03:47:22	160	4	02:00	2.930000	0.9994	2.740	0.9993	14.5	3.3	0.444	13.915	0.042	
81A-1678	2020-05-22 04:06:45	161	1	02:00	5.000000	0.9997	4.110	0.9983	14.62	3.2	0.408	13.472	0.043	
81A-1678	2020-05-22 04:10:18	162	2	02:00	4.640000	0.9993	3.580	0.9971	14.67	3.3	0.479	13.48	0.042	
81A-1678	2020-05-22 04:13:51	163	3	02:00	2.360000	0.9984	2.170	0.9981	14.63	3.231	0.415	13.016	0.041	
81A-1678	2020-05-22 04:17:21	164	4	02:00	3.060000	0.9995	2.760	0.9991	14.6	3.3	0.453	13.919	0.042	
81A-1678	2020-05-22 04:36:44	165	1	02:00	5.700000	0.9998	4.610	0.9983	14.89	3.2	0.42	14.324	0.043	
81A-1678	2020-05-22 04:40:17	166	2	02:00	5.000000	0.9995	3.670	0.9966	14.96	3.3	0.486	13.696	0.042	
81A-1678	2020-05-22 04:43:50	167	3	02:00	2.720000	0.9994	2.270	0.9981	14.93	3.2	0.418	13	0.042	
81A-1678	2020-05-22 04:47:22	168	4	02:00	2.710000	0.9995	2.630	0.9995	14.93	3.3	0.446	13.936	0.042	
81A-1678	2020-05-22 05:06:44	169	1	02:00	7.060000	0.9991	5.020	0.9955	15.16	3.2	0.429	14.631	0.043	
81A-1678	2020-05-22 05:10:17	170	2	02:00	5.090000	0.9995	3.800	0.9971	15.15	3.3	0.488	13.545	0.042	
81A-1678	2020-05-22 05:13:51	171	3	02:00	2.660000	0.9991	2.310	0.9982	15.11	3.2	0.422	13.019	0.043	
81A-1678	2020-05-22 05:17:22	172	4	02:00	2.830000	0.9996	2.710	0.9995	15.09	3.3	0.454	13.941	0.042	
81A-1678	2020-05-22 05:36:44	173	1	02:00	7.970000	0.9997	5.490	0.9954	15.24	3.2	0.433	13.873	0.043	
81A-1678	2020-05-22 05:40:18	174	2	02:00	5.280000	0.9989	3.910	0.9963	15.25	3.3	0.489	13.877	0.042	
81A-1678	2020-05-22 05:43:51	175	3	02:00	2.390000	0.9991	2.350	0.9991	15.26	3.2	0.424	13.04	0.042	
81A-1678	2020-05-22 05:47:21	176	4	02:00	2.890000	0.9996	2.650	0.9994	15.25	3.3	0.458	13.961	0.042	
81A-1678	2020-05-22 06:06:44	177	1	02:00	8.090000	0.9994	5.580	0.9948	15.59	3.2	0.434	13.906	0.043	
81A-1678	2020-05-22 06:10:17	178	2	02:00	6.050000	0.9997	4.110	0.9962	15.62	3.3	0.49	13.901	0.042	
81A-1678	2020-05-22 06:13:50	179	3	02:00	2.720000	0.9992	2.480	0.9988	15.62	3.2	0.426	13.057	0.042	
81A-1678	2020-05-22 06:17:20	180	4	02:00	2.940000	0.9995	2.820	0.9995	15.64	3.3	0.451	15.404	0.042	
81A-1678	2020-05-22 06:36:44	181	1	02:00	7.660000	0.9993	5.500	0.9959	15.92	3.2	0.439	13.291	0.043	
81A-1678	2020-05-22 06:40:17	182	2	02:00	6.000000	0.9997	4.110	0.9957	15.92	3.3	0.491	13.51	0.042	
81A-1678	2020-05-22 06:43:50	183	3	02:00	2.870000	0.9991	2.540	0.9985	15.88	3.2	0.429	13.503	0.042	
81A-1678	2020-05-22 06:47:20	184	4	02:00	3.130000	0.9995	2.750	0.9989	15.85	3.3	0.456	15.348	0.042	
81A-1678	2020-05-22 07:06:45	185	1	02:00	9.080000	0.9996	6.140	0.9954	16.06	3.2	0.449	13.581	0.043	
81A-1678	2020-05-22 07:10:18	186	2	02:00	7.450000	0.9996	4.680	0.9942	16.04	3.265	0.498	14.019	0.042	
81A-1678	2020-05-22 07:13:51	187	3	02:00	3.360000	0.9992	2.760	0.9979	16.03	3.2	0.446	13.672	0.042	
81A-1678	2020-05-22 07:17:23	188	4	02:00	2.880000	0.9995	2.560	0.9990	15.97	3.3	0.46	14.345	0.042	
81A-1678	2020-05-22 07:36:45	189	1	02:00	10.900000	0.9996	6.630	0.9931	16.3	3.2	0.447	13.627	0.043	
81A-1678	2020-05-22 07:40:17	190	2	02:00	7.530000	0.9992	4.800	0.9937	16.29	3.265	0.497	14.226	0.042	
81A-1678	2020-05-22 07:43:50	191	3	02:00	3.890000	0.9995	2.830	0.9975	16.37	3.2	0.446	13.24	0.041	
81A-1678	2020-05-22 07:47:21	192	4	02:00	2.670000	0.9995	2.560	0.9995	16.24	3.3	0.458	14.36	0.043	
81A-1678	2020-05-22 08:06:44	193	1	02:00	9.700000	0.9997	6.680	0.9953	16.69	3.2	0.445	15.716	0.042	
81A-1678	2020-05-22 08:10:17	194	2	02:00	7.790000	0.9993	4.760	0.9933	16.65	3.265	0.496	14.077	0.041	
81A-1678	2020-05-22 08:13:51	195	3	02:00	2.980000	0.9995	2.720	0.9991	16.66	3.2	0.443	12.967	0.042	
81A-1678	2020-05-22 08:17:21	196	4	02:00	2.980000	0.9994	2.550	0.9986	16.68	3.3	0.459	14.491	0.041	
81A-1678	2020-05-22 08:36:45	197	1	02:00	10.020000	0.9994	6.800	0.9952	17.05	3.2	0.451	13.762	0.042	
81A-1678	2020-05-22 08:40:18	198	2	02:00	8.230000	0.9985	4.880	0.9912	16.99	3.218	0.499	15.378	0.041	
81A-1678	2020-05-22 08:43:50	199	3	02:00	3.720000	0.9994	2.800	0.9980	16.99	3.2	0.449	13.347	0.041	
81A-1678	2020-05-22 08:47:21	200	4	02:00	2.580000	0.9996	2.460	0.9995	16.93	3.3	0.475	14.49	0.041	
81A-1678	2020-05-22 09:06:44	201	1	02:00	12.260000	0.9993	7.330	0.9920	17.34	3.2	0.449	15.487	0.042	
81A-1678	2020-05-22 09:10:17	202	2	02:00	7.450000	0.9996	4.760	0.9938	17.33	3.2	0.502	14.453	0.041	
81A-1678	2020-05-22 09:13:50	203	3	02:00	2.990000	0.9995	2.630	0.9988	17.33	3.2	0.451	13.425	0.041	
81A-1678	2020-05-22 09:17:20	204	4	02:00	2.590000	0.9994	2.410	0.9992	17.3	3.3	0.462	14.899	0.041	
81A-1678	2020-05-22 09:36:44	205	1	02:00	11.330000	0.9995	7.050	0.9923	17.81	3.2	0.445	15.617	0.041	
81A-1678	2020-05-22 09:40:16	206	2	02:00	8.170000	0.9995	4.930	0.9934	17.74	3.2	0.501	14.692	0.042	
81A-1678	2020-05-22 09:43:49	207	3	02:00	2.980000	0.9995	2.650	0.9989	17.71	3.2	0.448	13.753	0.041	
81A-1678	2020-05-22 09:47:19	208	4	02:00	2.710000	0.9996	2.420	0.9991	17.61	3.3	0.457	14.768	0.041	
81A-1678	2020-05-22 10:06:44	209	1	02:00	10.470000	0.9996	6.960	0.9946	18.01	3.2	0.438	14.343	0.041	
81A-1678	2020-05-22 10:10:17	210	2	02:00	7.790000	0.9995	5.000	0.9944	17.86	3.2	0.499	14.095	0.041	
81A-1678	2020-05-22 10:13:50	211	3	02:00	3.270000	0.9996	2.700	0.9982	17.8	3.2	0.446	13.831	0.041	
81A-1678	2020-05-22 10:17:23	212	4	02:00	2.840000	0.9995	2.510	0.9991	17.74	3.265	0.458	15.666	0.041	
81A-1678	2020-05-22 10:36:44	213	1	02:00	10.180000	0.9998	6.760	0.9952	17.98	3.2	0.435	14.409	0.041	
81A-1678	2020-05-22 10:40:17	214	2	02:00	7.420000	0.9996	4.890	0.9950	17.91	3.2	0.499	14.493	0.041	
81A-1678	2020-05-22 10:43:51	215	3	02:00	3.350000	0.9993	2.700	0.9983	17.92	3.2	0.445	13.827	0.041	
81A-1678	2020-05-22 10:47:23	216	4	02:00	2.990000	0.9996	2.470	0.9989	17.71	3.238	0.464	16.329	0.041	
81A-1678	2020-05-22 11:06:44	217	1	02:00	10.950000	0.9998	7.120	0.9942	17.89	3.2	0.432	14.404	0.041	
81A-1678	2020-05-22 11:10:18	218	2	02:00	8.620000	0.9996	5.200	0.9921	17.78	3.2	0.497	14.703	0.041	
81A-1678	2020-05-22 11:13:50	219	3	02:00	3.670000	0.9996	2.800	0.9974	17.8	3.2	0.443	13.866	0.041	
81A-1678	2020-05-22 11:17:23	220	4	02:00	2.840000	0.9995	2.490	0.9989	17.76	3.2	0.461	15.19	0.042	
81A-1678	2020-05-22 11:36:45	221	1	02:00	8.920000	0.9997	6.310	0.9960	18.05	3.2	0.43	14.279	0.041	
81A-1678	2020-05-22 11:40:19	222	2	02:00	7.460000	0.9991	4.850	0.9942	18.06	3.2	0.497	14.729	0.041	
81A-1678	2020-05-22 11:43:52	223	3	02:00	3.180000	0.9996	2.610	0.9981	18.06	3.2	0.443	14.107	0.041	
81A-1678	2020-05-22 11:47:25	224	4	02:00	2.690000	0.9996	2.400	0.9991	18.07	3.2	0.461	15.831	0.041	
81A-1678	2020-05-22 12:06:45	225	1	02:00	8.400000	0.9997	6.240	0.9967	18.94	3.2	0.43	14.325	0.041	
81A-1678	2020-05-22 12:10:18	226	2	02:00	6.860000	0.9995	4.600	0.9948	18.84	3.2	0.499	15.264	0.041	
81A-1678	2020-05-22 12:13:51	227	3	02:00	3.000000	0.9995	2.610	0.9986	18.79	3.2	0.443	13.519	0.041	
81A-1678	2020-05-22 12:17:22	228	4	02:00	2.480000	0.9996	2.400	0.9995	18.58	3.2	0.463	15.138	0.041	
81A-1678	2020-05-22 12:36:44	229	1	02:00	8.090000	0.9998	6.110	0.9972	18.75	3.165	0.429	16.162	0.041	
81A-1678	2020-05-22 12:40:18	230	2	02:00	6.160000	0.9996	4.610	0.9970	18.69	3.2	0.498	14.73	0.041	
81A-1678	2020-05-22 12:43:51	231	3	02:00	3.280000	0.9993	2.640	0.9982	18.71	3.2	0.443	13.645	0.041	
81A-1678	2020-05-22 12:47:23	232	4	02:00	2.740000	0.9995	2.490	0.9992	18.53	3.2	0.466	15.188	0.041	
81A-1678	2020-05-22 13:06:45	233	1	02:00	8.960000	0.9998	6.310	0.9964	19.05	3.158	0.429	14.471	0.041	
81A-1678	2020-05-22 13:10:19	234	2	02:00	6.490000	0.9994	4.690	0.9960	18.97	3.2	0.498	14.589	0.04	
81A-1678	2020-05-22 13:13:52	235	3	02:00	3.170000	0.9996	2.690	0.9990	18.87	3.2	0.442	13.709	0.041	
81A-1678	2020-05-22 13:17:23	236	4	02:00	2.720000	0.9996	2.530	0.9994	18.75	3.2	0.471	15.229	0.041	
81A-1678	2020-05-22 13:36:44	237	1	02:00	8.030000	0.9997	5.970	0.9963	19.48	3.118	0.427	16.104	0.041	
81A-1678	2020-05-22 13:40:17	238	2	02:00	7.200000	0.9995	4.960	0.9955	19.61	3.2	0.498	14.915	0.04	
81A-1678	2020-05-22 13:43:50	239	3	02:00	3.400000	0.9996	2.710	0.9981	19.58	3.2	0.441	13.787	0.04	
81A-1678	2020-05-22 13:47:23	240	4	02:00	2.790000	0.9998	2.560	0.9995	19.38	3.2	0.476	15.252	0.041	
81A-1678	2020-05-22 14:06:45	241	1	02:00	8.600000	0.9998	6.280	0.9972	19.61	3.1	0.425	14.522	0.04	
81A-1678	2020-05-22 14:10:19	242	2	02:00	6.500000	0.9996	4.730	0.9963	19.39	3.2	0.498	14.977	0.044	
81A-1678	2020-05-22 14:13:52	243	3	02:00	3.270000	0.9997	2.780	0.9987	19.38	3.2	0.44	14.007	0.039	
81A-1678	2020-05-22 14:17:24	244	4	02:00	2.840000	0.9996	2.590	0.9993	19.49	3.2	0.481	15.25	0.04	
81A-1678	2020-05-22 14:36:44	245	1	02:00	9.180000	0.9998	6.380	0.9960	20.35	3.1	0.424	16.274	0.043	
81A-1678	2020-05-22 14:40:19	246	2	02:00	7.360000	0.9995	4.880	0.9950	20.29	3.2	0.497	14.962	0.051	
81A-1678	2020-05-22 14:43:52	247	3	02:00	3.380000	0.9994	2.770	0.9978	20.13	3.2	0.44	14.143	0.045	
81A-1678	2020-05-22 14:47:25	248	4	02:00	2.690000	0.9997	2.530	0.9995	20.04	3.2	0.483	15.424	0.04	
81A-1678	2020-05-22 15:06:45	249	1	02:00	9.870000	0.9995	6.260	0.9943	20.68	3.1	0.423	14.712	0.045	
81A-1678	2020-05-22 15:10:18	250	2	02:00	7.060000	0.9997	5.090	0.9963	20.45	3.2	0.496	14.899	0.055	
81A-1678	2020-05-22 15:13:51	251	3	02:00	3.580000	0.9991	2.870	0.9980	20.69	3.2	0.439	14.191	0.047	
81A-1678	2020-05-22 15:17:23	252	4	02:00	2.880000	0.9995	2.640	0.9993	19.99	3.2	0.478	15.528	0.039	
81A-1678	2020-05-22 15:36:45	253	1	02:00	8.650000	0.9998	6.040	0.9960	21.25	3.1	0.424	14.799	0.051	
81A-1678	2020-05-22 15:40:19	254	2	02:00	6.670000	0.9996	5.110	0.9976	21.28	3.2	0.496	14.973	0.067	
81A-1678	2020-05-22 15:43:52	255	3	02:00	3.700000	0.9997	2.890	0.9985	21.64	3.127	0.439	14.386	0.058	
81A-1678	2020-05-22 15:47:24	256	4	02:00	3.150000	0.9996	2.760	0.9991	20.68	3.2	0.482	17.699	0.039	
81A-1678	2020-05-22 16:06:46	257	1	02:00	10.490000	0.9998	6.530	0.9934	21.09	3.1	0.426	14.962	0.061	
81A-1678	2020-05-22 16:10:19	258	2	02:00	8.160000	0.9995	5.310	0.9943	20.98	3.2	0.496	15.088	0.083	
81A-1678	2020-05-22 16:13:52	259	3	02:00	3.940000	0.9995	3.020	0.9975	21.17	3.1	0.439	15.011	0.067	
81A-1678	2020-05-22 16:17:25	260	4	02:00	3.010000	0.9997	2.770	0.9996	20.86	3.2	0.48	16.27	0.039	
81A-1678	2020-05-22 16:36:45	261	1	02:00	11.320000	0.9998	6.870	0.9939	20.45	3.1	0.426	15.347	0.051	
81A-1678	2020-05-22 16:40:18	262	2	02:00	8.590000	0.9994	5.270	0.9940	20.29	3.2	0.494	16.255	0.078	
81A-1678	2020-05-22 16:43:51	263	3	02:00	3.600000	0.9996	3.060	0.9988	20.29	3.1	0.438	14.643	0.06	
81A-1678	2020-05-22 16:47:21	264	4	02:00	3.270000	0.9996	2.850	0.9991	20.02	3.2	0.479	15.811	0.039	
81A-1678	2020-05-22 17:06:45	265	1	02:00	11.250000	0.9999	7.010	0.9944	20.1	3.1	0.425	15.821	0.045	
81A-1678	2020-05-22 17:10:19	266	2	02:00	8.490000	0.9996	5.290	0.9943	19.95	3.2	0.494	15.246	0.07	
81A-1678	2020-05-22 17:13:52	267	3	02:00	3.950000	0.9996	3.080	0.9985	19.86	3.1	0.438	14.631	0.051	
81A-1678	2020-05-22 17:17:23	268	4	02:00	3.620000	0.9997	2.850	0.9986	19.63	3.2	0.479	15.837	0.039	
81A-1678	2020-05-22 17:36:45	269	1	02:00	10.100000	0.9997	7.150	0.9966	19.84	3.1	0.424	16.2	0.039	
81A-1678	2020-05-22 17:40:19	270	2	02:00	7.710000	0.9994	5.510	0.9960	19.74	3.2	0.501	15.358	0.052	
81A-1678	2020-05-22 17:43:53	271	3	02:00	3.910000	0.9995	3.120	0.9983	19.64	3.1	0.451	14.608	0.039	
81A-1678	2020-05-22 17:47:24	272	4	02:00	3.250000	0.9996	2.760	0.9990	19.48	3.131	0.461	18.624	0.039	
81A-1678	2020-05-22 18:06:45	273	1	02:00	12.100000	0.9995	7.800	0.9939	19.32	3.1	0.434	16.469	0.041	
81A-1678	2020-05-22 18:10:18	274	2	02:00	9.270000	0.9993	5.730	0.9937	19.28	3.2	0.5	15.435	0.045	
81A-1678	2020-05-22 18:13:51	275	3	02:00	4.020000	0.9994	3.040	0.9982	19.26	3.1	0.448	14.67	0.039	
81A-1678	2020-05-22 18:17:23	276	4	02:00	3.140000	0.9995	2.750	0.9991	19.07	3.096	0.462	18.826	0.039	
81A-1678	2020-05-22 18:36:45	277	1	02:00	12.510000	0.9997	7.660	0.9938	18.9	3.1	0.429	16.668	0.041	
81A-1678	2020-05-22 18:40:19	278	2	02:00	9.550000	0.9994	5.660	0.9933	18.84	3.2	0.499	15.351	0.047	
81A-1678	2020-05-22 18:43:52	279	3	02:00	3.830000	0.9995	3.070	0.9979	18.83	3.031	0.446	16.276	0.039	
81A-1678	2020-05-22 18:47:25	280	4	02:00	3.260000	0.9995	2.800	0.9990	18.73	3.131	0.467	17.04	0.039	
81A-1678	2020-05-22 19:06:45	281	1	02:00	11.750000	0.9996	7.580	0.9947	18.54	3.1	0.428	16.761	0.04	
81A-1678	2020-05-22 19:10:19	282	2	02:00	8.060000	0.9994	5.220	0.9946	18.41	3.2	0.498	15.362	0.041	
81A-1678	2020-05-22 19:13:52	283	3	02:00	4.200000	0.9995	2.990	0.9976	18.4	3.065	0.445	14.964	0.04	
81A-1678	2020-05-22 19:17:24	284	4	02:00	3.080000	0.9994	2.660	0.9989	18.31	3.2	0.469	16.109	0.039	
81A-1678	2020-05-22 19:36:45	285	1	02:00	10.600000	0.9995	7.090	0.9948	18.14	3.1	0.425	17.069	0.04	
81A-1678	2020-05-22 19:40:19	286	2	02:00	0.050000	0.5780	0.050	0.5780	22.3	1.002	0.497	5.773	0.039	
81A-1678	2020-05-22 19:43:50	287	3	02:00	-0.070000	0.5868	-0.070	0.5868	17.51	2.889	0.444	13.788	0.04	
81A-1678	2020-05-22 19:47:22	288	4	02:00	-0.030000	0.1357	-0.030	0.1357	14.27	2.125	0.471	10.972	0.04	
81A-1678	2020-05-22 20:06:45	289	1	02:00	12.330000	0.9991	7.370	0.9926	18.03	3.1	0.425	16.983	0.041	
81A-1678	2020-05-22 20:10:19	290	2	02:00	9.030000	0.9995	5.700	0.9943	18.09	3.2	0.497	15.289	0.04	
81A-1678	2020-05-22 20:13:52	291	3	02:00	4.210000	0.9995	2.980	0.9972	18.08	3.1	0.444	14.62	0.041	
81A-1678	2020-05-22 20:17:23	292	4	02:00	3.260000	0.9996	2.790	0.9990	17.98	3.2	0.471	15.876	0.04	
81A-1678	2020-05-22 20:36:45	293	1	02:00	11.880000	0.9995	7.130	0.9938	17.89	3.1	0.423	17.126	0.041	
81A-1678	2020-05-22 20:40:19	294	2	02:00	0.000000	0.0002	0.000	0.0002	20.44	4.018	0.496	18.286	0.04	
81A-1678	2020-05-22 20:43:51	295	3	02:00	7.110000	0.0320	0.000	0.0013	20.02	3.838	0.442	16.867	0.04	
81A-1678	2020-05-22 20:47:25	296	4	02:00	0.500000	0.0424	0.010	0.0127	20.35	3.875	0.472	22.587	0.041	
81A-1678	2020-05-22 21:06:45	297	1	02:00	10.100000	0.9997	7.170	0.9962	17.85	3.1	0.422	17.35	0.041	
81A-1678	2020-05-22 21:10:19	298	2	02:00	0.150000	0.4228	0.060	0.4070	11.15	0.898	0.496	6.516	0.041	
81A-1678	2020-05-22 21:13:49	299	3	02:00	0.000000	0.0000	0.000	0.0000	17.86	3.031	0.442	15.523	0.041	
81A-1678	2020-05-22 21:17:21	300	4	02:00	3.070000	0.9996	2.650	0.9991	17.79	3.131	0.473	17.062	0.041	
81A-1678	2020-05-22 21:36:45	301	1	02:00	12.690000	0.9998	7.430	0.9935	17.77	3.1	0.419	17.29	0.041	
81A-1678	2020-05-22 21:40:19	302	2	02:00					17.725	3.17727	0.496	15.2336	0.041	
81A-1678	2020-05-22 21:43:52	303	3	02:00	4.250000	0.9994	3.140	0.9979	17.76	3.031	0.441	14.898	0.041	
81A-1678	2020-05-22 21:47:24	304	4	02:00	3.210000	0.9990	2.760	0.9982	17.61	3.165	0.474	16.176	0.041	
81A-1678	2020-05-22 22:06:45	305	1	02:00	10.170000	0.9997	7.160	0.9964	17.59	3.1	0.418	17.553	0.041	
81A-1678	2020-05-22 22:10:20	306	2	02:00	22.639999	0.9762	3.440	0.8214	17.6	3.209	0.496	15.223	0.041	
81A-1678	2020-05-22 22:13:52	307	3	02:00	-0.020000	0.0753	-0.020	0.0753	17.61	3.065	0.441	14.61	0.041	
81A-1678	2020-05-22 22:17:25	308	4	02:00	3.430000	0.9994	2.820	0.9986	17.5	3.165	0.475	16.209	0.041	
81A-1678	2020-05-22 22:36:45	309	1	02:00	11.800000	0.9997	7.130	0.9941	17.5	3.1	0.417	17.553	0.041	
81A-1678	2020-05-22 22:40:19	310	2	02:00	9.760000	0.9995	5.820	0.9932	17.67	3.2	0.495	15.207	0.041	
81A-1678	2020-05-22 22:43:52	311	3	02:00	0.010000	0.0100	0.010	0.0100	17.62	3.1	0.44	14.51	0.041	
81A-1678	2020-05-22 22:47:25	312	4	02:00	10.880000	0.9580	1.460	0.7858	17.53	3.165	0.475	15.805	0.041	
81A-1678	2020-05-22 23:06:45	313	1	02:00	12.290000	0.9994	7.430	0.9933	17.57	3.1	0.416	17.633	0.042	
81A-1678	2020-05-22 23:10:19	314	2	02:00	10.660000	0.9989	5.830	0.9920	17.68	3.2	0.495	15.19	0.041	
81A-1678	2020-05-22 23:13:53	315	3	02:00	4.670000	0.9994	3.220	0.9972	17.69	3.065	0.44	14.514	0.041	
81A-1678	2020-05-22 23:17:24	316	4	02:00	3.030000	0.9993	2.750	0.9990	17.56	3.138	0.476	15.768	0.041	
81A-1678	2020-05-22 23:36:45	317	1	02:00	11.580000	0.9997	7.250	0.9939	17.54	3.1	0.416	17.687	0.041	
81A-1678	2020-05-22 23:40:19	318	2	02:00	9.820000	0.9993	5.660	0.9927	17.54	3.2	0.495	15.186	0.041	
81A-1678	2020-05-22 23:43:52	319	3	02:00	4.500000	0.9993	3.130	0.9977	17.57	2.927	0.439	16.906	0.041	
81A-1678	2020-05-22 23:47:24	320	4	02:00	3.650000	0.9991	2.850	0.9983	17.49	2.864	0.476	16.985	0.041	
81A-1678	2020-05-23 00:06:45	321	1	02:00	11.570000	0.9997	7.230	0.9945	17.39	3.065	0.415	17.737	0.041	
81A-1678	2020-05-23 00:10:19	322	2	02:00	8.470000	0.9994	5.660	0.9952	17.44	3.165	0.495	15.177	0.041	
81A-1678	2020-05-23 00:13:52	323	3	02:00	4.000000	0.9993	3.020	0.9982	17.48	2.996	0.439	14.63	0.041	
81A-1678	2020-05-23 00:17:24	324	4	02:00	2.830000	0.9994	2.620	0.9991	17.37	3.087	0.477	15.793	0.042	
81A-1678	2020-05-23 00:36:45	325	1	02:00	10.390000	0.9997	7.150	0.9958	17.37	2.996	0.415	17.442	0.043	
81A-1678	2020-05-23 00:40:20	326	2	02:00	7.860000	0.9994	5.110	0.9946	17.39	2.905	0.495	15.177	0.042	
81A-1678	2020-05-23 00:43:53	327	3	02:00	4.430000	0.9993	2.950	0.9966	17.34	2.835	0.439	14.766	0.042	
81A-1678	2020-05-23 00:47:24	328	4	02:00	2.970000	0.9989	2.490	0.9979	17.3	2.88	0.477	16.004	0.042	
81A-1678	2020-05-23 01:06:45	329	1	02:00	11.810000	0.9997	7.210	0.9933	17.4	2.873	0.415	17.596	0.043	
81A-1678	2020-05-23 01:10:19	330	2	02:00	6.280000	0.9995	4.680	0.9968	17.38	2.869	0.495	15.162	0.042	
81A-1678	2020-05-23 01:13:53	331	3	02:00	4.070000	0.9992	2.880	0.9972	17.33	2.873	0.438	14.73	0.041	
81A-1678	2020-05-23 01:17:24	332	4	02:00	2.790000	0.9987	2.510	0.9984	17.24	2.724	0.477	21.198	0.043	
81A-1678	2020-05-23 01:36:45	333	1	02:00	12.770000	0.9995	7.460	0.9936	17.45	2.9	0.413	17.323	0.043	
81A-1678	2020-05-23 01:40:19	334	2	02:00	7.810000	0.9994	5.180	0.9950	17.4	2.9	0.494	15.156	0.041	
81A-1678	2020-05-23 01:43:52	335	3	02:00	3.920000	0.9992	3.160	0.9978	17.44	2.865	0.438	14.528	0.042	
81A-1678	2020-05-23 01:47:24	336	4	02:00	2.970000	0.9991	2.630	0.9987	17.37	2.729	0.477	20.496	0.042	
81A-1678	2020-05-23 02:06:45	337	1	02:00	10.690000	0.9997	7.300	0.9958	17.53	2.865	0.409	17.678	0.042	
81A-1678	2020-05-23 02:10:20	338	2	02:00	8.710000	0.9996	5.610	0.9942	17.65	2.9	0.498	15.195	0.042	
81A-1678	2020-05-23 02:13:53	339	3	02:00	3.340000	0.9993	3.030	0.9991	17.67	2.662	0.452	17.159	0.042	
81A-1678	2020-05-23 02:17:24	340	4	02:00	2.730000	0.9994	2.540	0.9992	17.52	2.836	0.466	15.682	0.042	
81A-1678	2020-05-23 02:36:45	341	1	02:00	8.860000	0.9997	7.440	0.9981	18.04	2.735	0.441	17.75	0.043	
81A-1678	2020-05-23 02:40:20	342	2	02:00	6.830000	0.9993	5.510	0.9970	18.12	2.765	0.506	15.468	0.042	
81A-1678	2020-05-23 02:43:54	343	3	02:00	4.360000	0.9996	3.370	0.9978	18.05	2.693	0.454	14.773	0.042	
81A-1678	2020-05-23 02:47:28	344	4	02:00	2.600000	0.9995	2.480	0.9994	17.93	2.8	0.486	15.879	0.043	
81A-1678	2020-05-23 03:06:43	345	1	02:00	10.240000	0.9998	7.170	0.9944	17.75	2.636	-0.334	18.185	0.043	
81A-1678	2020-05-23 03:10:17	346	2	02:00	7.060000	0.9997	5.170	0.9966	17.72	2.671	0.509	15.884	0.042	
81A-1678	2020-05-23 03:13:51	347	3	02:00	3.580000	0.9994	2.940	0.9980	17.58	2.605	0.451	15.076	0.043	
81A-1678	2020-05-23 03:17:24	348	4	02:00	2.200000	0.9994	2.200	0.9994	17.42	2.7	0.473	16.055	0.042	
81A-1678	2020-05-23 03:36:45	349	1	02:00	8.440000	0.9998	6.490	0.9968	17.36	2.6	0.443	17.794	0.043	
81A-1678	2020-05-23 03:40:20	350	2	02:00	7.450000	0.9995	5.110	0.9948	17.39	2.6	0.507	15.941	0.042	
81A-1678	2020-05-23 03:43:53	351	3	02:00	3.820000	0.9993	2.900	0.9973	17.33	2.531	0.452	16.161	0.043	
81A-1678	2020-05-23 03:47:27	352	4	02:00	2.220000	0.9992	2.140	0.9992	17.17	2.6	0.469	16.065	0.043	
81A-1678	2020-05-23 04:06:45	353	1	02:00	9.340000	0.9997	6.610	0.9949	17.13	2.536	0.433	18.132	0.043	
81A-1678	2020-05-23 04:10:19	354	2	02:00	7.960000	0.9995	5.090	0.9952	17.16	2.571	0.507	15.899	0.043	
81A-1678	2020-05-23 04:13:54	355	3	02:00	2.820000	0.8823	3.020	0.9973	17.13	2.513	0.452	15.211	0.043	
81A-1678	2020-05-23 04:17:27	356	4	02:00	2.840000	0.9989	2.400	0.9984	17.04	2.6	0.461	16.098	0.043	
81A-1678	2020-05-23 04:36:43	357	1	02:00	11.620000	0.9996	6.900	0.9914	16.96	2.465	-0.528	23.399	0.043	
81A-1678	2020-05-23 04:40:17	358	2	02:00	7.160000	0.9995	5.220	0.9957	17.04	2.5	0.505	15.85	0.043	
81A-1678	2020-05-23 04:43:50	359	3	02:00	3.830000	0.9996	2.890	0.9981	16.98	2.431	0.451	16.287	0.043	
81A-1678	2020-05-23 04:47:21	360	4	02:00	3.030000	0.9995	2.470	0.9985	16.91	2.465	0.464	17.078	0.043	
81A-1678	2020-05-23 05:06:43	361	1	02:00	7.730000	0.9994	6.280	0.9949	16.83	2.353	-0.196	23.799	0.044	
81A-1678	2020-05-23 05:10:18	362	2	02:00	6.800000	0.9997	4.920	0.9966	16.89	2.436	0.503	15.76	0.043	
81A-1678	2020-05-23 05:13:51	363	3	02:00	3.230000	0.9989	2.780	0.9984	16.83	2.365	0.45	15.45	0.043	
81A-1678	2020-05-23 05:17:21	364	4	02:00	2.430000	0.9993	2.270	0.9992	16.76	2.5	0.405	15.881	0.043	
81A-1678	2020-05-23 05:36:45	365	1	02:00	8.030000	0.9997	6.260	0.9972	16.77	2.4	0.423	18.628	0.043	
81A-1678	2020-05-23 05:40:19	366	2	02:00	7.280000	0.9995	5.080	0.9954	16.81	2.4	0.503	15.683	0.043	
81A-1678	2020-05-23 05:43:52	367	3	02:00	4.180000	0.9980	2.910	0.9969	16.83	2.365	0.448	15.123	0.043	
81A-1678	2020-05-23 05:47:21	368	4	02:00	3.270000	0.9992	2.540	0.9979	16.77	2.365	0.388	18.546	0.043	
81A-1678	2020-05-23 06:06:45	369	1	02:00	9.030000	0.9994	6.500	0.9952	16.8	2.291	0.419	18.535	0.044	
81A-1678	2020-05-23 06:10:19	370	2	02:00	7.200000	0.9995	5.150	0.9957	16.89	2.3	0.502	15.716	0.044	
81A-1678	2020-05-23 06:13:52	371	3	02:00	4.620000	0.9993	2.950	0.9971	16.85	2.265	0.447	15.911	0.043	
81A-1678	2020-05-23 06:17:24	372	4	02:00	2.740000	0.9995	2.470	0.9990	16.69	2.333	0.467	16.352	0.043	
81A-1678	2020-05-23 06:36:43	373	1	02:00	7.540000	0.9996	6.430	0.9950	17.1	2.265	-0.314	23.426	0.044	
81A-1678	2020-05-23 06:40:15	374	2	02:00	7.460000	0.9995	5.120	0.9956	17.1	2.3	0.499	15.621	0.043	
81A-1678	2020-05-23 06:43:49	375	3	02:00	3.230000	0.9991	2.930	0.9989	17.11	2.3	0.447	15.023	0.044	
81A-1678	2020-05-23 06:47:20	376	4	02:00	2.630000	0.9992	2.450	0.9990	17	2.3	0.471	15.793	0.043	
81A-1678	2020-05-23 07:06:45	377	1	02:00	7.600000	0.9996	5.870	0.9967	17.88	2.235	0.42	18.329	0.044	
81A-1678	2020-05-23 07:10:19	378	2	02:00	5.520000	0.9997	4.590	0.9983	17.88	2.207	0.501	15.58	0.044	
81A-1678	2020-05-23 07:13:53	379	3	02:00	3.570000	0.9993	2.920	0.9978	18.27	2.191	0.441	17.415	0.044	
81A-1678	2020-05-23 07:17:24	380	4	02:00	2.540000	0.9995	2.450	0.9994	18.04	2.224	0.353	18.416	0.043	
81A-1678	2020-05-23 07:36:43	381	1	02:00	8.580000	0.9992	6.420	0.9951	18.41	2.2	-0.515	18.2	0.044	
81A-1678	2020-05-23 07:40:16	382	2	02:00	6.840000	0.9997	5.050	0.9969	18.35	2.2	0.501	15.578	0.044	
81A-1678	2020-05-23 07:43:48	383	3	02:00	4.220000	0.9992	2.980	0.9961	18.53	2.2	-0.135	15.809	0.043	
81A-1678	2020-05-23 07:47:21	384	4	02:00	2.740000	0.9994	2.500	0.9992	18.33	2.2	0.293	15.936	0.043	
81A-1678	2020-05-23 08:06:43	385	1	02:00	8.370000	0.9998	5.890	0.9954	18.98	2.165	-0.39	20.891	0.043	
81A-1678	2020-05-23 08:10:17	386	2	02:00	5.820000	0.9998	4.700	0.9981	18.89	2.2	0.5	15.61	0.046	
81A-1678	2020-05-23 08:13:49	387	3	02:00	3.430000	0.9994	2.990	0.9987	18.87	2.2	-0.282	14.889	0.043	
81A-1678	2020-05-23 08:17:18	388	4	02:00	3.080000	0.9993	2.660	0.9988	18.9	2.2	0.408	19.245	0.043	
81A-1678	2020-05-23 08:36:43	389	1	02:00	8.280000	0.9996	6.120	0.9966	19.52	2.1	-0.434	18.432	0.043	
81A-1678	2020-05-23 08:40:18	390	2	02:00	5.950000	0.9997	4.810	0.9981	19.54	2.125	0.492	15.64	0.047	
81A-1678	2020-05-23 08:43:50	391	3	02:00	3.750000	0.9997	2.970	0.9987	19.49	2.1	-0.348	14.965	0.042	
81A-1678	2020-05-23 08:47:21	392	4	02:00	2.970000	0.9995	2.790	0.9993	19.95	2.136	0.37	17.869	0.042	
81A-1678	2020-05-23 09:06:43	393	1	02:00	6.400000	0.9998	5.850	0.9985	20.66	2.1	-0.509	19.026	0.043	
81A-1678	2020-05-23 09:10:13	394	2	02:00	5.950000	0.9998	4.930	0.9983	20.05	2.1	-0.166	28.865	0.043	
81A-1678	2020-05-23 09:13:46	395	3	02:00	3.620000	0.9995	3.040	0.9982	20.07	2.1	-0.191	17.154	0.043	
81A-1678	2020-05-23 09:17:18	396	4	02:00	2.690000	0.9996	2.690	0.9996	20.38	2.1	0.328	16.358	0.042	
81A-1678	2020-05-23 09:36:43	397	1	02:00	5.060000	0.7864	5.110	0.9978	20.8	2.065	-0.42	23.338	0.042	
81A-1678	2020-05-23 09:40:14	398	2	02:00	6.120000	0.9997	4.860	0.9977	20.6	2.1	0.028	15.953	0.042	
81A-1678	2020-05-23 09:43:45	399	3	02:00	3.180000	0.9993	3.080	0.9993	20.63	2.1	-0.53	22.748	0.043	
81A-1678	2020-05-23 09:47:14	400	4	02:00	2.920000	0.9993	2.600	0.9989	20.38	2.1	0.331	16.413	0.041	
81A-1678	2020-05-23 10:06:43	401	1	02:00	7.940000	0.9997	6.220	0.9965	21.31	2.047	-0.475	19.872	0.042	
81A-1678	2020-05-23 10:10:15	402	2	02:00	5.700000	0.9997	4.900	0.9988	21.76	2.1	-0.512	15.972	0.041	
81A-1678	2020-05-23 10:13:43	403	3	02:00	4.280000	0.9997	3.440	0.9978	22.41	2.053	-0.523	19.272	0.042	
81A-1678	2020-05-23 10:17:16	404	4	02:00	2.650000	0.9996	2.650	0.9996	21.61	2.1	0.426	20.56	0.041	
81A-1678	2020-05-23 10:36:43	405	1	02:00	6.440000	0.9990	5.720	0.9975	22.24	2	-0.519	19.44	0.042	
81A-1678	2020-05-23 10:40:15	406	2	02:00	5.620000	0.9998	4.760	0.9985	22.24	2.075	-0.533	16.053	0.041	
81A-1678	2020-05-23 10:43:47	407	3	02:00	3.550000	0.9994	3.110	0.9990	22.75	1.973	-0.503	15.756	0.041	
81A-1678	2020-05-23 10:47:16	408	4	02:00	2.930000	0.9996	2.790	0.9995	21.78	2.06	0.335	16.77	0.041	
81A-1678	2020-05-23 11:06:43	409	1	02:00	7.440000	0.9997	5.990	0.9974	22.63	2	-0.438	23.162	0.041	
81A-1678	2020-05-23 11:10:16	410	2	02:00	6.190000	0.9998	4.900	0.9980	22.27	2.036	-0.479	17.007	0.041	
81A-1678	2020-05-23 11:13:47	411	3	02:00	5.330000	0.9981	2.510	0.9828	22.45	2.038	-0.534	20.383	0.041	
81A-1678		412	4	02:00										
81A-1678	2020-06-03 12:36:45	412	1	02:00	6.710000	0.9996	5.310	0.9978	30.41	2.8	0.398	30.042	0.206	
81A-1678	2020-06-03 12:40:20	413	2	02:00	8.430000	0.9999	5.850	0.9950	29.53	2.8	0.471	17.887	0.206	
81A-1678	2020-06-03 12:43:53	414	3	02:00	0.120000	0.2416	0.150	0.8849	22.09	0.518	0.433	6.39	0.192	
81A-1678	2020-06-03 12:47:24	415	4	02:00	0.100000	0.8795	0.100	0.8795	22.65	0.76	0.464	10.335	0.168	
81A-1678	2020-06-03 13:06:45	416	1	02:00	6.990000	0.9994	5.980	0.9986	30.28	3	0.398	30.947	0.218	
81A-1678	2020-06-03 13:10:16	417	2	02:00	6.530000	0.9998	5.310	0.9982	29.73	3.1	0.471	18.01	0.219	
81A-1678	2020-06-03 13:13:50	418	3	02:00	4.000000	0.9998	3.580	0.9995	30.16	2.976	0.433	19.615	0.2	
81A-1678	2020-06-03 13:17:20	419	4	02:00	4.290000	0.9998	3.950	0.9995	29.83	3.1	0.465	19.179	0.186	
81A-1678	2020-06-03 13:36:45	420	1	02:00	9.700000	0.9992	6.040	0.9912	31.26	3	0.399	30.383	0.23	
81A-1678	2020-06-03 13:40:18	421	2	02:00	6.780000	0.9996	5.370	0.9979	30.38	3.1	0.472	18.107	0.231	
81A-1678	2020-06-03 13:43:51	422	3	02:00	4.270000	0.9995	3.630	0.9988	30.1	3.08	0.432	19.713	0.227	
81A-1678	2020-06-03 13:47:22	423	4	02:00	4.200000	0.9998	3.940	0.9996	29.04	3.1	0.465	18.998	0.179	
81A-1678	2020-06-03 14:06:45	424	1	02:00	7.990000	0.9997	6.280	0.9980	32.66	3	0.398	30.373	0.272	
81A-1678	2020-06-03 14:10:18	425	2	02:00	6.140000	0.9997	5.310	0.9990	30.57	3.1	0.472	18.128	0.234	
81A-1678	2020-06-03 14:13:48	426	3	02:00	93.300003	0.2937	-0.090	0.0634	30.44	3.031	0.434	18.159	0.213	
81A-1678	2020-06-03 14:17:21	427	4	02:00	4.100000	0.9998	3.890	0.9997	30.03	3.1	0.459	19.119	0.17	
81A-1678	2020-06-03 14:36:45	428	1	02:00	6.730000	0.9996	6.060	0.9992	32.97	3.1	0.4	30.977	0.282	
81A-1678	2020-06-03 14:40:15	429	2	02:00	6.780000	0.9995	5.360	0.9982	31	3.1	0.473	18.274	0.251	
81A-1678	2020-06-03 14:43:46	430	3	02:00	4.600000	0.9998	3.740	0.9983	30.65	3.1	0.433	18.321	0.216	
81A-1678	2020-06-03 14:47:19	431	4	02:00	4.100000	0.9998	3.890	0.9998	30.31	3.1	0.465	19.2	0.196	
81A-1678	2020-06-03 15:06:45	432	1	02:00	8.060000	0.9997	6.170	0.9976	31.84	3.005	0.397	30.956	0.258	
81A-1678	2020-06-03 15:10:18	433	2	02:00	7.110000	0.9997	5.430	0.9971	30.54	3.1	0.472	18.377	0.24	
81A-1678	2020-06-03 15:13:51	434	3	02:00	4.940000	0.9996	3.690	0.9974	31.4	3.1	0.434	17.927	0.218	
81A-1678	2020-06-03 15:17:25	435	4	02:00	3.800000	0.9997	3.740	0.9997	30.27	3.1	0.452	19.495	0.165	
81A-1678	2020-06-03 15:36:44	436	1	02:00	8.330000	0.9998	6.200	0.9968	31.76	3.1	0.396	30.16	0.252	
81A-1678	2020-06-03 15:40:17	437	2	02:00	6.130000	0.9997	5.230	0.9988	31.01	3.1	0.472	18.285	0.242	
81A-1678	2020-06-03 15:43:48	438	3	02:00	4.850000	0.9993	3.850	0.9975	30.86	3.1	0.434	18.026	0.222	
81A-1678	2020-06-03 15:47:21	439	4	02:00	3.750000	0.9998	3.730	0.9998	30.18	3.1	0.465	19.489	0.194	
81A-1678	2020-06-03 16:06:45	440	1	02:00	10.130000	0.9983	5.730	0.9884	31.15	3.1	0.394	30.598	0.232	
81A-1678	2020-06-03 16:10:21	441	2	02:00	-0.090000	0.7367	-0.090	0.7367	33.9	0.065	-0.269	2.84	0.576	
81A-1678	2020-06-03 16:13:55	442	3	02:00	4.560000	0.9997	3.850	0.9991	30.96	3.1	0.434	18.138	0.221	
81A-1678	2020-06-03 16:17:26	443	4	02:00	6.330000	0.9832	3.230	0.9526	30.27	3.164	0.465	19.387	0.195	
81A-1678	2020-06-03 16:36:35	444	1	02:00	0.010000	0.0515	0.010	0.0515	34.12	0	1.234	3.041	0.559	
81A-1678	2020-06-03 16:39:56	445	2	02:00	0.010000	0.0854	0.010	0.0854	19.37	0.345	1.363	3.893	0.451	
81A-1678	2020-06-03 16:43:30	446	3	02:00	21.160000	0.1277	0.000	0.0002	29.8	3.1	0.433	17.776	0.203	
81A-1678	2020-06-03 16:46:53	447	4	02:00	0.030000	0.2898	0.030	0.2898	30.69	0.924	0.218	7.582	0.228	
81A-1678	2020-06-03 17:06:33	448	1	02:00	-6.300000	0.1828	0.000	0.0076	18.03	0.035	1.371	8.094	0.446	
81A-1678	2020-06-03 17:09:53	449	2	02:00	0.020000	0.0781	0.010	0.0775	14.26	-0.004	1.292	2.36	0.507	
81A-1678	2020-06-03 17:13:23	450	3	02:00	13.470000	0.9502	1.540	0.7060	29.26	3.1	0.433	18.918	0.187	
81A-1678	2020-06-03 17:16:57	451	4	02:00	-0.010000	0.0095	-0.010	0.0095	28.58	3.2	0.465	19.788	0.165	
81A-1678	2020-06-03 17:36:32	452	1	02:00	0.040000	0.4177	0.040	0.4177	19.01	0.276	0.25	7.396	0.148	
81A-1678	2020-06-03 17:39:57	453	2	02:00	0.020000	0.1201	0.020	0.1201	31.24	1.158	1.914	7.324	0.033	
81A-1678	2020-06-03 17:43:30	454	3	02:00	4.140000	0.9997	3.730	0.9993	28.37	3.202	0.432	18.07	0.17	
81A-1678	2020-06-03 17:47:00	455	4	02:00	4.160000	0.9997	3.850	0.9995	28.08	3.2	0.459	19.761	0.139	
81A-1678	2020-06-03 18:06:44	456	1	02:00	9.070000	0.9998	7.010	0.9978	28.07	3.1	0.393	30.652	0.171	
81A-1678	2020-06-03 18:10:18	457	2	02:00	7.760000	0.9996	5.660	0.9968	27.69	3.2	0.471	18.78	0.181	
81A-1678	2020-06-03 18:13:52	458	3	02:00	4.300000	0.9995	3.660	0.9989	27.54	3.1	0.432	18.322	0.159	
81A-1678	2020-06-03 18:17:24	459	4	02:00	4.110000	0.9998	3.750	0.9995	27.02	3.2	0.464	19.765	0.137	
81A-1678	2020-06-03 18:36:44	460	1	02:00	10.160000	0.9996	7.120	0.9966	26.67	3.1	0.392	31.423	0.149	
81A-1678	2020-06-03 18:40:17	461	2	02:00	8.160000	0.9995	5.690	0.9961	26.45	3.2	0.471	18.796	0.158	
81A-1678	2020-06-03 18:43:51	462	3	02:00	4.430000	0.9997	3.750	0.9990	26.38	3.1	0.432	18.287	0.137	
81A-1678	2020-06-03 18:47:23	463	4	02:00	3.960000	0.9997	3.730	0.9996	25.94	3.2	0.464	19.715	0.12	
81A-1678	2020-06-03 19:06:44	464	1	02:00	9.860000	0.9997	6.920	0.9965	25.98	3.1	0.392	31.157	0.134	
81A-1678	2020-06-03 19:10:18	465	2	02:00	7.520000	0.9997	5.660	0.9969	25.81	3.2	0.471	18.789	0.145	
81A-1678	2020-06-03 19:13:51	466	3	02:00	4.260000	0.9995	3.620	0.9990	25.61	3.2	0.432	17.753	0.126	
81A-1678	2020-06-03 19:17:17	467	4	02:00	3.940000	0.9997	3.680	0.9995	25.18	3.2	0.443	19.528	0.12	
81A-1678	2020-06-03 19:36:44	468	1	02:00	10.380000	0.9996	7.170	0.9962	25.17	3.1	0.391	31.149	0.121	
81A-1678	2020-06-03 19:40:17	469	2	02:00	7.640000	0.9994	5.670	0.9972	25.01	3.2	0.47	18.781	0.133	
81A-1678	2020-06-03 19:43:50	470	3	02:00	4.390000	0.9996	3.450	0.9981	24.82	3.2	0.431	17.806	0.113	
81A-1678	2020-06-03 19:47:23	471	4	02:00	3.970000	0.9997	3.710	0.9995	24.52	3.2	0.463	19.64	0.099	
81A-1678	2020-06-03 20:06:44	472	1	02:00	10.500000	0.9997	7.340	0.9964	24.6	3.165	0.395	31.035	0.11	
81A-1678	2020-06-03 20:10:18	473	2	02:00	7.720000	0.9995	5.710	0.9970	24.38	3.2	0.47	18.759	0.123	
81A-1678	2020-06-03 20:13:52	474	3	02:00	4.620000	0.9997	3.630	0.9982	24.2	3.2	0.431	18.178	0.105	
81A-1678	2020-06-03 20:17:25	475	4	02:00	4.120000	0.9998	3.690	0.9993	24.02	3.2	0.458	19.629	0.081	
81A-1678	2020-06-03 20:36:44	476	1	02:00	11.140000	0.9998	7.290	0.9952	24.12	3.2	0.395	30.39	0.104	
81A-1678	2020-06-03 20:40:18	477	2	02:00	8.170000	0.9996	5.790	0.9963	23.93	3.2	0.469	18.724	0.115	
81A-1678	2020-06-03 20:43:51	478	3	02:00	4.550000	0.9994	3.760	0.9986	23.75	3.2	0.43	18.221	0.099	
81A-1678	2020-06-03 20:47:22	479	4	02:00	4.040000	0.9997	3.620	0.9993	23.61	3.2	0.463	19.599	0.087	
81A-1678	2020-06-03 21:06:44	480	1	02:00	10.160000	0.9997	7.010	0.9960	23.43	3.2	0.395	31.454	0.096	
81A-1678	2020-06-03 21:10:17	481	2	02:00	7.490000	0.9995	5.590	0.9965	23.27	3.2	0.469	18.723	0.107	
81A-1678	2020-06-03 21:13:50	482	3	02:00	4.310000	0.9994	3.730	0.9989	23.11	3.2	0.43	18.177	0.09	
81A-1678	2020-06-03 21:17:21	483	4	02:00	3.760000	0.9996	3.510	0.9995	23	3.3	0.463	19.535	0.08	
81A-1678	2020-06-03 21:36:44	484	1	02:00	10.930000	0.9999	7.190	0.9951	22.95	3.2	0.394	29.625	0.089	
81A-1678	2020-06-03 21:40:17	485	2	02:00	7.210000	0.9998	5.460	0.9973	22.83	3.267	0.469	18.671	0.1	
81A-1678	2020-06-03 21:43:51	486	3	02:00	5.010000	0.9993	3.630	0.9969	22.73	3.2	0.43	18.124	0.084	
81A-1678	2020-06-03 21:47:25	487	4	02:00	3.960000	0.9997	3.580	0.9993	22.66	3.3	0.462	19.489	0.075	
81A-1678	2020-06-03 22:06:44	488	1	02:00	10.240000	0.9997	7.390	0.9967	22.74	3.2	0.394	31.049	0.086	
81A-1678	2020-06-03 22:10:17	489	2	02:00	7.820000	0.9995	5.650	0.9964	22.69	3.3	0.469	18.648	0.097	
81A-1678	2020-06-03 22:13:51	490	3	02:00	4.400000	0.9998	3.710	0.9991	22.61	3.2	0.43	18.109	0.081	
81A-1678	2020-06-03 22:17:22	491	4	02:00	4.220000	0.9996	3.670	0.9991	22.5	3.3	0.463	19.439	0.074	
81A-1678	2020-06-03 22:36:44	492	1	02:00	9.740000	0.9998	7.140	0.9972	22.64	3.2	0.394	31.284	0.084	
81A-1678	2020-06-03 22:40:18	493	2	02:00	7.850000	0.9995	5.690	0.9966	22.51	3.3	0.468	18.617	0.094	
81A-1678	2020-06-03 22:43:51	494	3	02:00	4.950000	0.9995	3.800	0.9981	22.41	3.2	0.429	18.088	0.08	
81A-1678	2020-06-03 22:47:22	495	4	02:00	4.100000	0.9998	3.640	0.9994	22.34	3.3	0.463	19.389	0.071	
81A-1678	2020-06-03 23:06:44	496	1	02:00	10.470000	0.9999	7.400	0.9971	22.59	3.2	0.393	31.483	0.082	
81A-1678	2020-06-03 23:10:17	497	2	02:00	7.740000	0.9993	5.610	0.9966	22.5	3.3	0.468	18.592	0.092	
81A-1678	2020-06-03 23:13:50	498	3	02:00	4.560000	0.9995	3.720	0.9982	22.43	3.2	0.429	18.047	0.08	
81A-1678	2020-06-03 23:17:22	499	4	02:00	3.710000	0.9996	3.480	0.9994	22.32	3.3	0.462	19.345	0.071	
81A-1678	2020-06-03 23:36:44	500	1	02:00	10.150000	0.9998	7.180	0.9965	22.51	3.2	0.392	30.294	0.081	
81A-1678	2020-06-03 23:40:17	501	2	02:00	7.770000	0.9995	5.510	0.9964	22.51	3.3	0.468	18.573	0.093	
81A-1678	2020-06-03 23:43:51	502	3	02:00	4.190000	0.9995	3.650	0.9989	22.39	3.2	0.429	18.026	0.078	
81A-1678	2020-06-03 23:47:22	503	4	02:00	4.030000	0.9995	3.580	0.9992	22.22	3.3	0.462	19.326	0.07	
81A-1678	2020-06-04 00:06:44	504	1	02:00	10.720000	0.9998	7.660	0.9965	22.52	3.2	0.393	30.695	0.081	
81A-1678	2020-06-04 00:10:18	505	2	02:00	8.610000	0.9996	5.890	0.9955	22.49	3.3	0.468	18.555	0.094	
81A-1678	2020-06-04 00:13:52	506	3	02:00	4.480000	0.9995	3.850	0.9990	22.44	3.289	0.429	18.008	0.079	
81A-1678	2020-06-04 00:17:23	507	4	02:00	4.070000	0.9997	3.650	0.9994	22.33	3.3	0.463	19.287	0.071	
81A-1678	2020-06-04 00:36:44	508	1	02:00	13.110000	0.9998	7.680	0.9936	22.41	3.2	0.393	31.46	0.081	
81A-1678	2020-06-04 00:40:17	509	2	02:00	10.120000	0.9996	6.230	0.9938	22.41	3.3	0.468	18.534	0.092	
81A-1678	2020-06-04 00:43:50	510	3	02:00	4.350000	0.9997	3.530	0.9984	22.29	3.271	0.429	17.986	0.078	
81A-1678	2020-06-04 00:47:23	511	4	02:00	4.110000	0.9997	3.720	0.9993	22.21	3.3	0.462	19.262	0.07	
81A-1678	2020-06-04 01:06:44	512	1	02:00	10.930000	0.9998	7.640	0.9966	22.32	3.2	0.39	31.435	0.08	
81A-1678	2020-06-04 01:10:17	513	2	02:00	8.550000	0.9996	5.660	0.9953	22.21	3.3	0.468	18.521	0.091	
81A-1678	2020-06-04 01:13:50	514	3	02:00	4.540000	0.9996	3.730	0.9986	22.16	3.3	0.429	17.967	0.078	
81A-1678	2020-06-04 01:17:22	515	4	02:00	3.850000	0.9997	3.530	0.9995	22.07	3.3	0.462	19.233	0.069	
81A-1678	2020-06-04 01:36:44	516	1	02:00	9.500000	0.9997	7.280	0.9972	22.13	3.205	0.39	31.497	0.078	
81A-1678	2020-06-04 01:40:18	517	2	02:00	7.180000	0.9996	5.530	0.9975	21.94	3.3	0.468	18.511	0.089	
81A-1678	2020-06-04 01:43:51	518	3	02:00	4.470000	0.9997	3.790	0.9990	21.68	3.3	0.429	17.973	0.075	
81A-1678	2020-06-04 01:47:22	519	4	02:00	3.910000	0.9997	3.590	0.9994	21.66	3.3	0.462	19.21	0.065	
81A-1678	2020-06-04 02:06:44	520	1	02:00	10.590000	0.9997	7.240	0.9960	21.97	3.291	0.39	31.649	0.076	
81A-1678	2020-06-04 02:10:18	521	2	02:00	7.590000	0.9997	5.740	0.9970	21.89	3.3	0.468	18.5	0.088	
81A-1678	2020-06-04 02:13:52	522	3	02:00	4.330000	0.9997	3.720	0.9991	21.75	3.3	0.429	17.935	0.073	
81A-1678	2020-06-04 02:17:23	523	4	02:00	3.620000	0.9997	3.410	0.9996	21.56	3.3	0.462	19.17	0.064	
81A-1678	2020-06-04 02:36:45	524	1	02:00	9.710000	0.9997	7.080	0.9968	21.54	3.3	0.39	31.814	0.072	
81A-1678	2020-06-04 02:40:18	525	2	02:00	7.110000	0.9996	5.400	0.9975	21.45	3.3	0.468	18.471	0.084	
81A-1678	2020-06-04 02:43:52	526	3	02:00	4.250000	0.9995	3.730	0.9991	21.31	3.3	0.429	17.919	0.07	
81A-1678	2020-06-04 02:47:22	527	4	02:00	4.110000	0.9997	3.580	0.9992	21.28	3.309	0.462	19.136	0.061	
81A-1678	2020-06-04 03:06:44	528	1	02:00	9.610000	0.9995	7.170	0.9970	21.47	3.3	0.387	31.901	0.072	
81A-1678	2020-06-04 03:10:17	529	2	02:00	6.890000	0.9995	5.300	0.9973	21.36	3.3	0.468	18.459	0.082	
81A-1678	2020-06-04 03:13:49	530	3	02:00	4.320000	0.9995	3.690	0.9989	21.2	3.3	0.429	17.889	0.068	
81A-1678	2020-06-04 03:17:20	531	4	02:00	3.630000	0.9997	3.410	0.9995	21.08	3.324	0.462	19.1	0.06	
81A-1678	2020-06-04 03:36:44	532	1	02:00	11.350000	0.9998	7.110	0.9933	21.13	3.3	0.387	31.909	0.068	
81A-1678	2020-06-04 03:40:17	533	2	02:00	7.610000	0.9996	5.540	0.9967	21.13	3.3	0.468	18.429	0.079	
81A-1678	2020-06-04 03:43:50	534	3	02:00	4.480000	0.9996	3.700	0.9987	21.04	3.3	0.428	17.878	0.066	
81A-1678	2020-06-04 03:47:21	535	4	02:00	3.510000	0.9997	3.260	0.9995	20.97	3.365	0.462	19.066	0.058	
81A-1678	2020-06-04 04:06:44	536	1	02:00	9.440000	0.9996	6.890	0.9970	20.83	3.3	0.387	32.109	0.065	
81A-1678	2020-06-04 04:10:18	537	2	02:00	6.610000	0.9998	5.240	0.9978	20.75	3.324	0.468	18.418	0.075	
81A-1678	2020-06-04 04:13:51	538	3	02:00	4.260000	0.9995	3.740	0.9990	20.62	3.3	0.429	17.867	0.063	
81A-1678	2020-06-04 04:17:20	539	4	02:00	3.930000	0.9996	3.500	0.9991	20.58	3.4	0.462	19.029	0.055	
81A-1678	2020-06-04 04:36:44	540	1	02:00	9.220000	0.9998	6.930	0.9974	20.66	3.3	0.387	32.134	0.063	
81A-1678	2020-06-04 04:40:18	541	2	02:00	6.330000	0.9996	5.170	0.9980	20.59	3.385	0.467	18.398	0.073	
81A-1678	2020-06-04 04:43:50	542	3	02:00	4.540000	0.9994	3.650	0.9983	20.52	3.3	0.428	17.809	0.061	
81A-1678	2020-06-04 04:47:21	543	4	02:00	3.580000	0.9996	3.380	0.9995	20.45	3.4	0.462	18.99	0.054	
81A-1678	2020-06-04 05:06:44	544	1	02:00	11.560000	0.9998	7.650	0.9952	20.71	3.3	0.386	32.072	0.063	
81A-1678	2020-06-04 05:10:16	545	2	02:00	7.680000	0.9996	5.530	0.9963	20.67	3.365	0.468	18.372	0.073	
81A-1678	2020-06-04 05:13:49	546	3	02:00	4.660000	0.9994	3.710	0.9983	20.55	3.3	0.429	17.793	0.062	
81A-1678	2020-06-04 05:17:20	547	4	02:00	3.670000	0.9995	3.400	0.9993	20.52	3.4	0.462	18.94	0.054	
81A-1678	2020-06-04 05:36:44	548	1	02:00	10.970000	0.9998	7.420	0.9954	20.64	3.3	0.387	32.09	0.063	
81A-1678	2020-06-04 05:40:17	549	2	02:00	8.390000	0.9995	5.790	0.9956	20.56	3.4	0.467	18.35	0.073	
81A-1678	2020-06-04 05:43:50	550	3	02:00	4.150000	0.9991	3.610	0.9987	20.51	3.3	0.429	17.77	0.062	
81A-1678	2020-06-04 05:47:19	551	4	02:00	3.830000	0.9996	3.450	0.9993	20.48	3.4	0.462	18.931	0.054	
81A-1678	2020-06-04 06:06:44	552	1	02:00	10.490000	0.9998	7.380	0.9963	21.03	3.3	0.388	32.082	0.065	
81A-1678	2020-06-04 06:10:17	553	2	02:00	8.160000	0.9993	5.810	0.9962	20.96	3.4	0.467	18.35	0.075	
81A-1678	2020-06-04 06:13:49	554	3	02:00	4.730000	0.9995	3.640	0.9981	21.01	3.3	0.428	17.761	0.065	
81A-1678	2020-06-04 06:17:20	555	4	02:00	3.630000	0.9998	3.430	0.9997	20.93	3.4	0.461	18.893	0.057	
81A-1678	2020-06-04 06:36:44	556	1	02:00	10.190000	0.9997	7.060	0.9960	21.8	3.3	0.387	31.977	0.07	
81A-1678	2020-06-04 06:40:16	557	2	02:00	7.470000	0.9995	5.490	0.9969	21.75	3.4	0.468	18.353	0.083	
81A-1678	2020-06-04 06:43:48	558	3	02:00	4.910000	0.9995	3.680	0.9979	21.95	3.3	0.429	17.773	0.073	
81A-1678	2020-06-04 06:47:18	559	4	02:00	3.930000	0.9996	3.590	0.9992	22.03	3.4	0.462	18.914	0.065	
81A-1678	2020-06-04 07:06:44	560	1	02:00	10.980000	0.9998	7.080	0.9945	23.2	3.3	0.385	31.924	0.084	
81A-1678	2020-06-04 07:10:16	561	2	02:00	7.480000	0.9995	5.610	0.9971	23.25	3.4	0.468	18.369	0.099	
81A-1678	2020-06-04 07:13:49	562	3	02:00	5.280000	0.9994	3.660	0.9963	23.72	3.3	0.429	17.793	0.086	
81A-1678	2020-06-04 07:17:22	563	4	02:00	3.820000	0.9996	3.580	0.9995	23.2	3.4	0.462	18.968	0.076	
81A-1678	2020-06-04 07:36:44	564	1	02:00	9.680000	0.9998	7.210	0.9972	24.69	3.3	0.384	31.634	0.101	
81A-1678	2020-06-04 07:40:16	565	2	02:00	8.020000	0.9996	5.590	0.9964	24.48	3.4	0.468	18.401	0.114	
81A-1678	2020-06-04 07:43:48	566	3	02:00	4.610000	0.9996	3.770	0.9988	25.01	3.3	0.429	17.859	0.105	
81A-1678	2020-06-04 07:47:19	567	4	02:00	4.340000	0.9997	3.720	0.9991	24.74	3.4	0.463	19.062	0.093	
81A-1678	2020-06-04 08:06:44	568	1	02:00	11.500000	0.9999	7.690	0.9958	24.87	3.3	0.385	31.667	0.11	
81A-1678	2020-06-04 08:10:17	569	2	02:00	7.480000	0.9997	5.640	0.9974	24.61	3.365	0.469	18.46	0.12	
81A-1678	2020-06-04 08:13:50	570	3	02:00	4.540000	0.9997	3.690	0.9988	24.48	3.3	0.429	17.908	0.106	
81A-1678	2020-06-04 08:17:20	571	4	02:00	3.990000	0.9998	3.540	0.9994	24.21	3.4	0.463	19.099	0.092	
81A-1678	2020-06-04 08:36:44	572	1	02:00	10.860000	0.9998	7.610	0.9961	25.89	3.3	0.384	31.956	0.12	
81A-1678	2020-06-04 08:40:17	573	2	02:00	8.320000	0.9996	5.830	0.9963	25.53	3.4	0.469	18.502	0.133	
81A-1678	2020-06-04 08:43:49	574	3	02:00	4.800000	0.9996	3.750	0.9984	25.52	3.3	0.43	17.985	0.125	
81A-1678	2020-06-04 08:47:20	575	4	02:00	4.320000	0.9997	3.810	0.9994	25.04	3.365	0.463	19.213	0.1	
81A-1678	2020-06-04 09:06:44	576	1	02:00	11.030000	0.9998	7.230	0.9956	24.54	3.3	0.384	32.365	0.111	
81A-1678	2020-06-04 09:10:16	577	2	02:00	8.860000	0.9996	5.870	0.9955	24.34	3.3	0.469	18.553	0.123	
81A-1678	2020-06-04 09:13:48	578	3	02:00	4.710000	0.9997	3.790	0.9988	24.3	3.3	0.429	18.047	0.106	
81A-1678	2020-06-04 09:17:19	579	4	02:00	4.220000	0.9997	3.790	0.9992	24.72	3.4	0.463	19.274	0.097	
81A-1678	2020-06-04 09:36:44	580	1	02:00	11.700000	0.9997	7.470	0.9944	26.64	3.3	0.384	31.992	0.131	
81A-1678	2020-06-04 09:40:17	581	2	02:00	8.260000	0.9997	5.780	0.9962	26.57	3.3	0.469	18.626	0.145	
81A-1678	2020-06-04 09:43:49	582	3	02:00	5.350000	0.9994	3.620	0.9967	26.37	3.3	0.43	18.13	0.128	
81A-1678	2020-06-04 09:47:19	583	4	02:00	4.530000	0.9998	3.900	0.9993	26.23	3.4	0.464	19.387	0.119	
81A-1678	2020-06-04 10:06:44	584	1	02:00	11.920000	0.9997	7.500	0.9937	26.88	3.3	0.383	31.682	0.135	
81A-1678	2020-06-04 10:10:17	585	2	02:00	7.780000	0.9998	5.770	0.9972	26.84	3.3	0.47	18.684	0.152	
81A-1678	2020-06-04 10:13:50	586	3	02:00	3.800000	0.9996	3.290	0.9987	29.21	3.3	0.43	18.281	0.159	
81A-1678	2020-06-04 10:17:20	587	4	02:00	4.540000	0.9997	3.910	0.9992	27.39	3.3	0.464	19.516	0.131	
81A-1678	2020-06-04 10:36:44	588	1	02:00	8.690000	0.9998	6.840	0.9979	28.96	3.3	0.383	31.709	0.171	
81A-1678	2020-06-04 10:40:16	589	2	02:00	7.540000	0.9995	5.610	0.9970	28.53	3.3	0.47	18.78	0.18	
81A-1678	2020-06-04 10:43:48	590	3	02:00	4.210000	0.9994	3.600	0.9986	28.59	3.3	0.431	18.366	0.175	
81A-1678	2020-06-04 10:47:18	591	4	02:00	4.020000	0.9998	3.820	0.9997	28.12	3.3	0.464	19.655	0.152	
81A-1678	2020-06-04 11:06:44	592	1	02:00	9.820000	0.9999	6.950	0.9965	29.49	3.3	0.383	32.278	0.186	
81A-1678	2020-06-04 11:10:17	593	2	02:00	6.730000	0.9997	5.440	0.9982	29.4	3.3	0.47	18.888	0.208	
81A-1678	2020-06-04 11:13:50	594	3	02:00	4.200000	0.9997	3.720	0.9993	29.72	3.3	0.432	18.498	0.19	
81A-1678	2020-06-04 11:17:20	595	4	02:00	4.340000	0.9997	3.910	0.9994	29.35	3.3	0.465	19.794	0.177	
81A-1678	2020-06-04 11:36:44	596	1	02:00	9.860000	0.9996	7.220	0.9969	30.59	3.3	0.383	32.102	0.214	
81A-1678	2020-06-04 11:40:17	597	2	02:00	6.770000	0.9997	5.460	0.9982	29.73	3.3	0.472	19.035	0.218	
81A-1678	2020-06-04 11:43:50	598	3	02:00	3.590000	0.9977	3.580	0.9977	31.04	3.3	0.432	18.668	0.248	
81A-1678	2020-06-04 11:47:19	599	4	02:00	4.150000	0.9997	3.920	0.9996	29.57	3.3	0.466	20.112	0.209	
81A-1678	2020-06-04 12:06:44	600	1	02:00	9.530000	0.9999	7.090	0.9973	30.98	3.3	0.388	32.093	0.227	
81A-1678	2020-06-04 12:10:18	601	2	02:00	7.520000	0.9996	5.720	0.9970	30.15	3.3	0.471	19.148	0.229	
81A-1678	2020-06-04 12:14:00	602	3	02:00	0.120000	0.8048	0.130	0.9060	31.97	0.056	0.596	2.964	0.615	
81A-1678	2020-06-04 12:17:30	603	4	02:00	4.140000	0.9998	3.930	0.9997	30.01	3.4	0.466	20.293	0.198	
81A-1678	2020-06-04 12:36:44	604	1	02:00	8.410000	0.9997	6.920	0.9982	31.55	3.3	0.381	32.094	0.253	
81A-1678	2020-06-04 12:40:16	605	2	02:00	6.940000	0.9995	5.570	0.9981	30.03	3.3	0.472	19.249	0.228	
81A-1678	2020-06-04 12:43:48	606	3	02:00	4.770000	0.9995	3.840	0.9982	30	3.3	0.431	19.043	0.216	
81A-1678	2020-06-04 12:47:20	607	4	02:00	4.140000	0.9998	3.880	0.9996	29.43	3.336	0.465	20.419	0.184	
81A-1678	2020-06-04 13:06:43	608	1	02:00	10.800000	0.9999	7.450	0.9960	29.67	3.3	0.382	32.033	0.22	
81A-1678	2020-06-04 13:10:16	609	2	02:00	7.540000	0.9996	5.730	0.9974	29.1	3.3	0.471	19.326	0.208	
81A-1678	2020-06-04 13:13:49	610	3	02:00	7.020000	0.9933	2.750	0.9559	29.66	3.3	0.433	19.135	0.194	
81A-1678	2020-06-04 13:17:22	611	4	02:00	4.000000	0.9998	3.850	0.9998	29.53	3.325	0.465	20.512	0.177	
81A-1678	2020-06-04 13:36:44	612	1	02:00	8.620000	0.9997	7.030	0.9984	30.36	3.3	0.381	31.74	0.224	
81A-1678	2020-06-04 13:40:17	613	2	02:00	7.820000	0.9996	5.770	0.9969	29.64	3.3	0.471	19.418	0.216	
81A-1678	2020-06-04 13:43:50	614	3	02:00	4.270000	0.9996	3.710	0.9990	30.68	3.3	0.431	19.206	0.218	
81A-1678	2020-06-04 13:47:20	615	4	02:00	4.520000	0.9999	4.090	0.9995	29.66	3.345	0.465	20.605	0.182	
81A-1678	2020-06-04 14:06:44	616	1	02:00	8.230000	0.9997	6.820	0.9985	33.03	3.3	0.382	32.037	0.308	
81A-1678	2020-06-04 14:10:17	617	2	02:00	6.560000	0.9998	5.490	0.9987	30.44	3.3	0.472	19.475	0.228	
81A-1678	2020-06-04 14:13:49	618	3	02:00	4.340000	0.9996	3.820	0.9992	29.33	3.3	0.432	19.248	0.2	
81A-1678	2020-06-04 14:17:19	619	4	02:00	4.420000	0.9998	4.060	0.9996	28.79	3.376	0.465	20.675	0.172	
81A-1678	2020-06-04 14:36:43	620	1	02:00	8.040000	0.9998	6.720	0.9985	33.16	3.265	0.381	32.19	0.264	
81A-1678	2020-06-04 14:40:15	621	2	02:00	7.690000	0.9993	5.710	0.9968	30.5	3.3	0.472	19.569	0.233	
81A-1678	2020-06-04 14:43:47	622	3	02:00	5.230000	0.9996	3.630	0.9960	30.04	3.3	0.433	19.299	0.2	
81A-1678	2020-06-04 14:47:19	623	4	02:00	4.290000	0.9998	3.940	0.9995	29.66	3.4	0.465	20.748	0.179	
81A-1678	2020-06-04 15:06:43	624	1	02:00	9.160000	0.9998	6.930	0.9975	30.8	3.3	0.38	32.165	0.241	
81A-1678	2020-06-04 15:10:16	625	2	02:00	8.200000	0.9997	5.740	0.9959	29.75	3.3	0.472	19.61	0.219	
81A-1678	2020-06-04 15:13:49	626	3	02:00	4.100000	0.9986	3.400	0.9975	29.94	3.3	0.433	19.348	0.194	
81A-1678	2020-06-04 15:17:18	627	4	02:00	4.180000	0.9997	3.950	0.9996	29.17	3.4	0.465	20.807	0.173	
81A-1678	2020-06-04 15:36:43	628	1	02:00	8.350000	0.9998	6.740	0.9983	30.04	3.3	0.381	32.396	0.22	
81A-1678	2020-06-04 15:40:16	629	2	02:00	7.770000	0.9995	5.870	0.9973	29.51	3.273	0.471	19.657	0.209	
81A-1678	2020-06-04 15:43:49	630	3	02:00	5.890000	0.9983	3.030	0.9804	29.37	3.3	0.433	19.383	0.187	
81A-1678	2020-06-04 15:47:18	631	4	02:00	4.200000	0.9998	4.000	0.9997	28.88	3.365	0.464	20.835	0.164	
81A-1678	2020-06-04 16:06:43	632	1	02:00	9.960000	0.9997	7.200	0.9969	29.63	3.3	0.381	32.398	0.2	
81A-1678	2020-06-04 16:10:16	633	2	02:00	7.750000	0.9997	6.010	0.9977	29.23	3.347	0.471	19.678	0.2	
81A-1678	2020-06-04 16:13:49	634	3	02:00	4.580000	0.9997	3.650	0.9977	29.03	3.3	0.432	19.399	0.179	
81A-1678	2020-06-04 16:17:23	635	4	02:00	4.380000	0.9998	4.000	0.9995	28.85	3.4	0.465	20.848	0.163	
81A-1678	2020-06-04 16:36:43	636	1	02:00	9.010000	0.9998	6.990	0.9977	29.21	3.3	0.38	32.799	0.19	
81A-1678	2020-06-04 16:40:16	637	2	02:00	6.810000	0.9998	5.560	0.9985	28.89	3.375	0.471	19.708	0.194	
81A-1678	2020-06-04 16:43:48	638	3	02:00	4.040000	0.9995	3.510	0.9990	28.66	3.3	0.432	19.412	0.172	
81A-1678	2020-06-04 16:47:18	639	4	02:00	4.390000	0.9998	3.940	0.9994	28.67	3.4	0.465	20.863	0.155	
81A-1678	2020-06-04 17:06:43	640	1	02:00	8.840000	0.9997	6.880	0.9976	28.92	3.3	0.38	32.676	0.186	
81A-1678	2020-06-04 17:10:15	641	2	02:00	7.190000	0.9998	5.680	0.9981	28.53	3.4	0.47	19.724	0.186	
81A-1678	2020-06-04 17:13:48	642	3	02:00	4.360000	0.9994	3.290	0.9962	28.52	3.3	0.432	19.397	0.165	
81A-1678	2020-06-04 17:17:20	643	4	02:00	4.460000	0.9998	3.980	0.9995	28.36	3.4	0.464	20.853	0.149	
81A-1678	2020-06-04 17:36:43	644	1	02:00	9.170000	0.9998	7.100	0.9978	27.88	3.3	0.38	32.698	0.166	
81A-1678	2020-06-04 17:40:15	645	2	02:00	8.300000	0.9997	5.880	0.9966	27.49	3.4	0.47	19.726	0.171	
81A-1678	2020-06-04 17:43:48	646	3	02:00	4.360000	0.9991	3.590	0.9978	27.3	3.3	0.431	19.392	0.149	
81A-1678	2020-06-04 17:47:18	647	4	02:00	4.290000	0.9998	3.860	0.9995	27.07	3.4	0.464	20.822	0.133	
81A-1678	2020-06-04 18:06:43	648	1	02:00	10.130000	0.9996	7.270	0.9966	27.05	3.3	0.384	32.739	0.15	
81A-1678	2020-06-04 18:10:15	649	2	02:00	7.310000	0.9996	5.810	0.9979	26.83	3.4	0.47	19.726	0.157	
81A-1678	2020-06-04 18:13:47	650	3	02:00	4.780000	0.9988	3.390	0.9950	26.82	3.311	0.43	19.385	0.136	
81A-1678	2020-06-04 18:17:19	651	4	02:00	4.270000	0.9999	3.950	0.9997	26.68	3.4	0.464	20.8	0.122	
81A-1678	2020-06-04 18:36:43	652	1	02:00	8.450000	0.9997	6.730	0.9981	26.51	3.3	0.381	32.69	0.138	
81A-1678	2020-06-04 18:40:15	653	2	02:00	6.570000	0.9998	5.450	0.9986	26.45	3.4	0.47	19.707	0.146	
81A-1678	2020-06-04 18:43:48	654	3	02:00	5.640000	0.9973	3.320	0.9886	26.34	3.364	0.43	19.344	0.128	
81A-1678	2020-06-04 18:47:19	655	4	02:00	4.150000	0.9998	3.860	0.9996	26.17	3.4	0.463	20.756	0.113	
81A-1678	2020-06-04 19:06:43	656	1	02:00	8.470000	0.9997	6.910	0.9982	26.22	3.333	0.381	32.714	0.131	
81A-1678	2020-06-04 19:10:15	657	2	02:00	7.460000	0.9998	5.710	0.9977	26.11	3.4	0.47	19.717	0.14	
81A-1678	2020-06-04 19:13:47	658	3	02:00	4.540000	0.9991	3.580	0.9972	26	3.4	0.43	19.316	0.122	
81A-1678	2020-06-04 19:17:19	659	4	02:00	4.250000	0.9998	3.900	0.9996	25.86	3.4	0.463	20.709	0.109	
81A-1678	2020-06-04 19:36:43	660	1	02:00	8.890000	0.9998	7.040	0.9986	25.9	3.362	0.381	32.903	0.126	
81A-1678	2020-06-04 19:40:14	661	2	02:00	8.220000	0.9995	5.740	0.9960	25.75	3.4	0.469	19.685	0.134	
81A-1678	2020-06-04 19:43:46	662	3	02:00	5.030000	0.9990	3.370	0.9946	25.76	3.4	0.43	19.315	0.116	
81A-1678	2020-06-04 19:47:19	663	4	02:00	4.460000	0.9998	3.930	0.9993	25.63	3.4	0.464	20.671	0.105	
81A-1678	2020-06-04 20:06:43	664	1	02:00	8.380000	0.9997	6.090	0.9963	23.11	3.4	0.382	32.992	0.1	
81A-1678	2020-06-04 20:10:15	665	2	02:00	7.760000	0.9997	6.170	0.9980	22.7	3.4	0.468	19.661	0.105	
81A-1678	2020-06-04 20:13:48	666	3	02:00	6.220000	0.9986	2.930	0.9781	20.81	3.4	0.474	19.293	0.039	
81A-1678	2020-06-04 20:17:18	667	4	02:00	3.970000	0.9998	3.970	0.9998	20.69	3.389	0.465	20.672	0.031	
81A-1678	2020-06-04 20:36:43	668	1	02:00	18.500000	0.9994	10.430	0.9921	20.55	3.4	0.421	32.865	0.046	
81A-1678	2020-06-04 20:40:15	669	2	02:00	11.330000	0.9997	7.530	0.9953	20.65	3.435	0.504	20.058	0.039	
81A-1678	2020-06-04 20:43:48	670	3	02:00	6.130000	0.9995	4.840	0.9982	20.6	3.4	0.463	19.353	0.031	
81A-1678	2020-06-04 20:47:19	671	4	02:00	3.940000	0.9997	3.610	0.9994	20.63	3.5	0.465	20.531	0.033	
81A-1678	2020-06-04 21:06:43	672	1	02:00	14.290000	0.9995	9.200	0.9938	20.53	3.4	0.423	32.441	0.043	
81A-1678	2020-06-04 21:10:15	673	2	02:00	10.160000	0.9994	6.990	0.9956	20.67	3.487	0.501	19.872	0.038	
81A-1678	2020-06-04 21:13:48	674	3	02:00	5.320000	0.9988	3.690	0.9962	20.64	3.4	0.46	19.237	0.032	
81A-1678	2020-06-04 21:17:18	675	4	02:00	3.960000	0.9998	3.630	0.9996	20.6	3.5	0.475	20.412	0.032	
81A-1678	2020-06-04 21:36:43	676	1	02:00	15.970000	0.9995	10.000	0.9936	20.53	3.4	0.421	32.885	0.038	
81A-1678	2020-06-04 21:40:15	677	2	02:00	11.910000	0.9997	7.690	0.9948	20.7	3.465	0.501	19.761	0.033	
81A-1678	2020-06-04 21:43:48	678	3	02:00	6.820000	0.9991	3.870	0.9909	20.63	3.4	0.46	19.164	0.033	
81A-1678	2020-06-04 21:47:19	679	4	02:00	4.040000	0.9998	3.820	0.9997	20.58	3.5	0.462	20.302	0.033	
81A-1678	2020-06-04 22:06:43	680	1	02:00	15.480000	0.9996	10.070	0.9939	20.62	3.4	0.434	32.865	0.039	
81A-1678	2020-06-04 22:10:15	681	2	02:00	13.070000	0.9995	7.950	0.9936	20.7	3.5	0.504	19.699	0.042	
81A-1678	2020-06-04 22:13:47	682	3	02:00	6.280000	0.9994	4.550	0.9964	20.74	3.4	0.463	19.098	0.033	
81A-1678	2020-06-04 22:17:20	683	4	02:00	4.010000	0.9996	3.720	0.9995	20.69	3.5	0.471	20.264	0.033	
81A-1678	2020-06-04 22:36:43	684	1	02:00	10.850000	0.9991	7.790	0.9953	20.8	3.4	0.428	32.952	0.04	
81A-1678	2020-06-04 22:40:16	685	2	02:00	9.940000	0.9998	7.190	0.9971	20.86	3.5	0.503	19.632	0.04	
81A-1678	2020-06-04 22:43:48	686	3	02:00	4.140000	0.9988	2.910	0.9953	20.81	3.4	0.461	19.04	0.033	
81A-1678	2020-06-04 22:47:20	687	4	02:00	4.140000	0.9998	3.890	0.9997	20.79	3.5	0.468	20.177	0.033	
81A-1678	2020-06-04 23:06:43	688	1	02:00	12.340000	0.9995	8.270	0.9950	20.7	3.4	0.427	32.834	0.044	
81A-1678	2020-06-04 23:10:16	689	2	02:00	10.590000	0.9998	7.340	0.9960	20.69	3.5	0.502	19.556	0.047	
81A-1678	2020-06-04 23:13:48	690	3	02:00	4.470000	0.9993	3.940	0.9988	20.71	3.438	0.455	18.989	0.038	
81A-1678	2020-06-04 23:17:17	691	4	02:00	3.760000	0.9996	3.760	0.9996	20.71	3.5	0.479	20.115	0.034	
81A-1678	2020-06-04 23:36:43	692	1	02:00	15.240000	0.9996	9.190	0.9935	20.65	3.4	0.425	32.806	0.041	
81A-1678	2020-06-04 23:40:15	693	2	02:00	10.800000	0.9997	7.210	0.9950	20.67	3.5	0.501	19.505	0.049	
81A-1678	2020-06-04 23:43:47	694	3	02:00	4.560000	0.9996	4.010	0.9989	20.63	3.5	0.454	18.932	0.038	
81A-1678	2020-06-04 23:47:16	695	4	02:00	3.910000	0.9996	3.690	0.9995	20.61	3.5	0.482	20.046	0.033	
81A-1678	2020-06-05 00:06:43	696	1	02:00	16.660000	0.9997	9.970	0.9931	20.61	3.4	0.422	32.661	0.043	
81A-1678	2020-06-05 00:10:15	697	2	02:00	10.620000	0.9998	7.290	0.9958	20.66	3.5	0.502	19.449	0.041	
81A-1678	2020-06-05 00:13:47	698	3	02:00	5.210000	0.9994	4.300	0.9987	20.64	3.5	0.455	18.897	0.035	
81A-1678	2020-06-05 00:17:17	699	4	02:00	4.250000	0.9998	3.860	0.9993	20.6	3.5	0.461	19.997	0.033	
81A-1678	2020-06-05 00:36:43	700	1	02:00	16.400000	0.9994	9.880	0.9926	20.57	3.465	0.44	32.628	0.034	
81A-1678	2020-06-05 00:40:14	701	2	02:00	11.510000	0.9998	7.750	0.9960	20.61	3.5	0.509	19.446	0.041	
81A-1678	2020-06-05 00:43:47	702	3	02:00	5.380000	0.9997	4.360	0.9987	20.59	3.5	0.458	18.885	0.034	
81A-1678	2020-06-05 00:47:18	703	4	02:00	3.910000	0.9998	3.600	0.9995	20.57	3.5	0.469	19.986	0.033	
81A-1678	2020-06-05 01:06:43	704	1	02:00	15.800000	0.9997	10.130	0.9928	20.52	3.5	0.443	32.604	0.034	
81A-1678	2020-06-05 01:10:14	705	2	02:00	13.060000	0.9998	7.850	0.9940	20.6	3.5	0.508	19.451	0.042	
81A-1678	2020-06-05 01:13:46	706	3	02:00	5.840000	0.9997	4.330	0.9979	20.57	3.5	0.459	18.862	0.036	
81A-1678	2020-06-05 01:17:16	707	4	02:00	4.100000	0.9997	3.500	0.9990	20.51	3.5	0.467	19.952	0.034	
81A-1678	2020-06-05 01:36:43	708	1	02:00	15.870000	0.9992	10.100	0.9923	20.44	3.5	0.437	32.604	0.035	
81A-1678	2020-06-05 01:40:14	709	2	02:00	12.050000	0.9996	7.870	0.9952	20.52	3.5	0.506	19.408	0.049	
81A-1678	2020-06-05 01:43:46	710	3	02:00	6.130000	0.9996	4.350	0.9967	20.5	3.5	0.457	18.82	0.038	
81A-1678	2020-06-05 01:47:19	711	4	02:00	4.410000	0.9998	3.820	0.9990	20.47	3.5	0.471	19.909	0.034	
81A-1678	2020-06-05 02:06:43	712	1	02:00	17.920000	0.9997	10.420	0.9927	20.36	3.5	0.43	32.567	0.036	
81A-1678	2020-06-05 02:10:16	713	2	02:00	12.740000	0.9997	8.070	0.9943	20.38	3.5	0.506	19.373	0.049	
81A-1678	2020-06-05 02:13:48	714	3	02:00	4.800000	0.9995	4.060	0.9990	20.33	3.5	0.454	18.764	0.039	
81A-1678	2020-06-05 02:17:18	715	4	02:00	4.080000	0.9998	3.620	0.9995	20.29	3.5	0.474	19.843	0.033	
81A-1678	2020-06-05 02:36:43	716	1	02:00	19.139999	0.9994	10.370	0.9914	20.24	3.5	0.427	32.628	0.035	
81A-1678	2020-06-05 02:40:14	717	2	02:00	12.430000	0.9996	8.070	0.9951	20.28	3.5	0.505	19.318	0.049	
81A-1678	2020-06-05 02:43:47	718	3	02:00	6.090000	0.9994	4.400	0.9978	20.25	3.5	0.452	18.737	0.038	
81A-1678	2020-06-05 02:47:18	719	4	02:00	4.530000	0.9997	3.660	0.9988	20.22	3.576	0.476	19.805	0.033	
81A-1678	2020-06-05 03:06:43	720	1	02:00	17.670000	0.9993	10.640	0.9936	20.15	3.5	0.425	32.629	0.036	
81A-1678	2020-06-05 03:10:15	721	2	02:00	12.350000	0.9996	7.900	0.9950	20.18	3.5	0.505	19.263	0.05	
81A-1678	2020-06-05 03:13:48	722	3	02:00	5.100000	0.9995	4.100	0.9986	20.14	3.5	0.45	18.689	0.035	
81A-1678	2020-06-05 03:17:18	723	4	02:00	3.890000	0.9997	3.620	0.9996	20.09	3.6	0.479	19.766	0.033	
81A-1678	2020-06-05 03:36:43	724	1	02:00	17.340000	0.9997	10.170	0.9922	20.12	3.5	0.422	32.376	0.035	
81A-1678	2020-06-05 03:40:15	725	2	02:00	10.920000	0.9998	7.670	0.9962	20.25	3.549	0.504	19.221	0.051	
81A-1678	2020-06-05 03:43:48	726	3	02:00	4.790000	0.9995	4.060	0.9989	20.31	3.5	0.449	18.654	0.035	
81A-1678	2020-06-05 03:47:18	727	4	02:00	4.040000	0.9997	3.590	0.9994	20.19	3.6	0.481	19.709	0.033	
81A-1678	2020-06-05 04:06:43	728	1	02:00	18.450001	0.9992	10.260	0.9918	20.15	3.5	0.422	32.086	0.033	
81A-1678	2020-06-05 04:10:15	729	2	02:00	13.020000	0.9998	7.980	0.9943	20.18	3.6	0.504	19.203	0.052	
81A-1678	2020-06-05 04:13:48	730	3	02:00	5.870000	0.9994	4.130	0.9976	20.17	3.5	0.447	18.619	0.035	
81A-1678	2020-06-05 04:17:19	731	4	02:00	4.580000	0.9996	3.760	0.9988	20.14	3.6	0.48	19.67	0.033	
81A-1678	2020-06-05 04:36:44	732	1	02:00	19.410000	0.9996	10.460	0.9915	20.07	3.5	0.422	31.608	0.035	
81A-1678	2020-06-05 04:40:16	733	2	02:00	12.450000	0.9997	7.910	0.9942	20.14	3.6	0.502	19.167	0.051	
81A-1678	2020-06-05 04:43:47	734	3	02:00	4.970000	0.9995	4.080	0.9986	20.13	3.5	0.447	18.598	0.035	
81A-1678	2020-06-05 04:47:17	735	4	02:00	4.180000	0.9998	3.620	0.9993	20.06	3.6	0.483	19.637	0.033	
81A-1678	2020-06-05 05:06:43	736	1	02:00	18.150000	0.9993	10.280	0.9923	20.13	3.5	0.422	31.659	0.033	
81A-1678	2020-06-05 05:10:15	737	2	02:00	12.780000	0.9998	7.940	0.9941	20.18	3.6	0.502	19.139	0.049	
81A-1678	2020-06-05 05:13:46	738	3	02:00	5.330000	0.9995	4.140	0.9980	20.2	3.5	0.447	18.575	0.035	
81A-1678	2020-06-05 05:17:16	739	4	02:00	4.290000	0.9997	3.740	0.9993	20.15	3.6	0.484	19.596	0.033	
81A-1678	2020-06-05 05:36:43	740	1	02:00	16.480000	0.9994	10.430	0.9925	20.32	3.365	0.421	31.721	0.036	
81A-1678	2020-06-05 05:40:14	741	2	02:00	12.630000	0.9997	7.910	0.9942	20.39	3.4	0.502	19.113	0.054	
81A-1678	2020-06-05 05:43:47	742	3	02:00	5.020000	0.9994	4.110	0.9987	20.39	3.4	0.447	18.545	0.036	
81A-1678	2020-06-05 05:47:17	743	4	02:00	4.410000	0.9997	3.760	0.9992	20.39	3.4	0.485	19.593	0.035	
81A-1678	2020-06-05 06:06:43	744	1	02:00	18.320000	0.9998	10.650	0.9926	20.76	3.3	0.421	31.893	0.036	
81A-1678	2020-06-05 06:10:15	745	2	02:00	12.360000	0.9997	7.960	0.9952	20.89	3.4	0.501	19.106	0.058	
81A-1678	2020-06-05 06:13:48	746	3	02:00	5.120000	0.9994	3.940	0.9976	20.88	3.4	0.447	18.529	0.039	
81A-1678	2020-06-05 06:17:21	747	4	02:00	4.450000	0.9998	3.830	0.9992	20.77	3.4	0.485	19.6	0.035	
81A-1678	2020-06-05 06:36:44	748	1	02:00	16.799999	0.9997	10.430	0.9946	21.01	3.3	0.421	31.838	0.038	
81A-1678	2020-06-05 06:40:17	749	2	02:00	11.640000	0.9998	7.930	0.9958	21.04	3.4	0.5	19.11	0.06	
81A-1678	2020-06-05 06:43:49	750	3	02:00	5.370000	0.9992	4.150	0.9978	21.16	3.324	0.447	18.536	0.043	
81A-1678	2020-06-05 06:47:21	751	4	02:00	4.550000	0.9997	3.840	0.9990	21.04	3.4	0.485	19.576	0.036	
81A-1678	2020-06-05 07:06:44	752	1	02:00	16.530001	0.9997	10.300	0.9934	21.34	3.3	0.421	31.934	0.041	
81A-1678	2020-06-05 07:10:16	753	2	02:00	12.900000	0.9997	8.050	0.9943	21.39	3.4	0.5	19.091	0.059	
81A-1678	2020-06-05 07:13:48	754	3	02:00	5.440000	0.9993	4.260	0.9982	21.56	3.3	0.447	18.545	0.047	
81A-1678	2020-06-05 07:17:19	755	4	02:00	4.420000	0.9998	3.910	0.9994	21.44	3.4	0.486	19.605	0.037	
81A-1678	2020-06-05 07:36:44	756	1	02:00	16.820000	0.9996	10.340	0.9923	21.81	3.3	0.421	32.041	0.045	
81A-1678	2020-06-05 07:40:16	757	2	02:00	13.240000	0.9997	8.030	0.9940	21.77	3.4	0.499	19.112	0.067	
81A-1678	2020-06-05 07:43:49	758	3	02:00	5.580000	0.9996	4.340	0.9985	21.89	3.3	0.447	18.577	0.052	
81A-1678	2020-06-05 07:47:20	759	4	02:00	4.320000	0.9998	3.890	0.9993	21.82	3.4	0.486	19.644	0.04	
81A-1678	2020-06-05 08:06:44	760	1	02:00	16.500000	0.9998	9.990	0.9931	22.3	3.3	0.422	32.126	0.054	
81A-1678	2020-06-05 08:10:16	761	2	02:00	10.960000	0.9996	7.560	0.9959	22.18	3.4	0.498	19.139	0.08	
81A-1678	2020-06-05 08:13:49	762	3	02:00	5.400000	0.9997	4.310	0.9987	22.2	3.3	0.447	18.616	0.058	
81A-1678	2020-06-05 08:17:20	763	4	02:00	4.260000	0.9998	3.860	0.9994	22.05	3.4	0.486	19.701	0.042	
81A-1678	2020-06-05 08:36:44	764	1	02:00	13.270000	0.9991	9.490	0.9936	22.65	3.3	0.423	32.193	0.057	
81A-1678	2020-06-05 08:40:17	765	2	02:00	11.680000	0.9998	7.740	0.9952	22.8	3.409	0.498	19.179	0.089	
81A-1678	2020-06-05 08:43:50	766	3	02:00	5.590000	0.9995	4.440	0.9985	23.05	3.3	0.448	18.701	0.072	
81A-1678	2020-06-05 08:47:21	767	4	02:00	4.340000	0.9998	3.930	0.9995	22.95	3.4	0.485	19.821	0.046	
81A-1678	2020-06-05 09:06:44	768	1	02:00	12.720000	0.9988	8.930	0.9952	23.5	3.3	0.425	32.292	0.062	
81A-1678	2020-06-05 09:10:18	769	2	02:00	10.090000	0.9999	7.420	0.9970	23.45	3.3	0.498	19.245	0.112	
81A-1678	2020-06-05 09:13:51	770	3	02:00	5.140000	0.9994	4.320	0.9987	23.8	3.3	0.448	18.757	0.093	
81A-1678	2020-06-05 09:17:21	771	4	02:00	4.480000	0.9998	4.050	0.9995	23.7	3.365	0.483	19.967	0.057	
81A-1678		772	1	02:00										
