Serial Number	Date_IV	Obs#	Port#	Observation Length	Exp_Flux	Exp_R2	Lin_Flux	Lin_R2	Tcham_IV	V1_IV	V2_IV	V3_IV	V4_IV	
81A-1678	2021-10-15 10:59:18	1	1	02:00	10.500000	0.9999	10.500	0.9999	19.85	2	0.42	68.688	0.229	
81A-1678	2021-10-15 11:02:50	2	2	02:00	7.250000	0.9991	4.680	0.9940	18.43	3.198	0.303	11.359	0.326	
81A-1678	2021-10-15 11:06:22	3	3	02:00	3.390000	0.9990	2.820	0.9979	20.11	4.029	0.422	15.656	2.822	
81A-1678	2021-10-15 11:12:40	4	4	02:00	3.620000	0.9927	3.620	0.9927	20.17	3.482	0.342	18.085	0.039	
81A-1678	2021-10-15 11:58:43	5	1	02:00	10.110000	0.9997	8.780	0.9990	21.38	2.4	0.427	69.943	0.268	
81A-1678	2021-10-15 12:02:12	6	2	02:00	5.090000	0.9974	3.910	0.9963	20.15	2.6	0.306	11.875	0.37	
81A-1678	2021-10-15 12:05:41	7	3	02:00	3.100000	0.9886	3.100	0.9886	21.32	2.509	0.422	16.237	2.862	
81A-1678	2021-10-15 12:09:14	8	4	02:00	4.400000	0.9988	4.400	0.9988	21.66	3.895	0.345	18.525	0.036	
81A-1678	2021-10-15 12:58:43	9	1	02:00	10.290000	0.9997	8.870	0.9985	22.02	2.313	0.427	70.081	0.288	
81A-1678	2021-10-15 13:02:15	10	2	02:00	7.600000	0.9983	4.710	0.9910	20.78	2.6	0.304	12.291	0.396	
81A-1678	2021-10-15 13:05:45	11	3	02:00	3.030000	0.9984	2.670	0.9981	22.07	3.345	0.422	16.684	2.814	
81A-1678	2021-10-15 13:09:14	12	4	02:00	5.060000	0.9994	4.250	0.9984	22.18	3.6	0.345	18.983	0.035	
81A-1678	2021-10-15 13:58:43	13	1	02:00	10.290000	0.9998	8.820	0.9988	22.56	2.435	0.426	70.084	0.296	
81A-1678	2021-10-15 14:02:15	14	2	02:00	8.540000	0.9991	5.120	0.9922	20.9	2.5	0.311	12.641	0.409	
81A-1678	2021-10-15 14:05:45	15	3	02:00	2.900000	0.9990	2.710	0.9988	22.29	3.3	0.422	17.045	2.657	
81A-1678	2021-10-15 14:09:14	16	4	02:00	4.730000	0.9994	4.250	0.9992	22.39	3.1	0.345	19.387	0.034	
81A-1678	2021-10-15 14:58:43	17	1	02:00	11.180000	0.9997	9.220	0.9982	23.04	2.2	0.426	70.289	0.313	
81A-1678	2021-10-15 15:02:15	18	2	02:00	7.090000	0.9990	4.880	0.9957	20.78	2.5	0.31	12.937	0.418	
81A-1678	2021-10-15 15:05:46	19	3	02:00	3.120000	0.9993	2.790	0.9991	23.06	3.224	0.422	17.415	2.196	
81A-1678	2021-10-15 15:09:15	20	4	02:00	5.550000	0.9995	4.400	0.9984	23.05	3.1	0.344	19.681	0.033	
81A-1678	2021-10-15 15:58:43	21	1	02:00	11.460000	0.9998	9.120	0.9979	22.88	2.2	0.423	70.402	0.31	
81A-1678	2021-10-15 16:02:15	22	2	02:00	4.490000	0.9995	4.290	0.9994	20.13	2.5	0.308	13.222	0.422	
81A-1678	2021-10-15 16:05:43	23	3	02:00	2.660000	0.9994	2.660	0.9994	22.79	3.2	0.422	17.718	1.608	
81A-1678	2021-10-15 16:09:15	24	4	02:00	5.110000	0.9996	4.440	0.9989	22.75	3	0.344	19.944	0.033	
81A-1678	2021-10-15 16:58:43	25	1	02:00	13.030000	0.9998	9.760	0.9972	22.07	2.2	0.423	70.9	0.281	
81A-1678	2021-10-15 17:02:15	26	2	02:00	7.800000	0.9995	5.140	0.9954	19.7	2.5	0.307	13.24	0.387	
81A-1678	2021-10-15 17:05:46	27	3	02:00	3.570000	0.9988	2.900	0.9977	21.95	3.3	0.421	17.684	1.508	
81A-1678	2021-10-15 17:09:16	28	4	02:00	6.400000	0.9995	4.640	0.9981	21.96	3	0.343	19.971	0.033	
81A-1678	2021-10-15 17:58:43	29	1	02:00	14.390000	0.9998	10.070	0.9966	21.72	2.2	0.422	70.997	0.266	
81A-1678	2021-10-15 18:02:15	30	2	02:00	8.450000	0.9992	4.710	0.9955	19.48	2.551	0.307	13.188	0.367	
81A-1678	2021-10-15 18:05:44	31	3	02:00	3.120000	0.9994	2.860	0.9992	21.64	3.2	0.42	17.619	1.327	
81A-1678	2021-10-15 18:09:13	32	4	02:00	5.860000	0.9997	4.590	0.9981	21.58	3	0.343	19.954	0.033	
81A-1678	2021-10-15 18:58:43	33	1	02:00	14.530000	0.9998	10.310	0.9965	21.11	2.2	0.422	71.317	0.246	
81A-1678	2021-10-15 19:02:15	34	2	02:00	6.570000	0.9997	5.060	0.9972	19.25	2.6	0.305	13.138	0.338	
81A-1678	2021-10-15 19:05:46	35	3	02:00	3.150000	0.7502	2.930	0.9986	21.03	3.2	0.42	17.535	0.822	
81A-1678	2021-10-15 19:09:16	36	4	02:00	7.500000	0.9996	5.010	0.9972	21.02	3	0.343	19.936	0.033	
81A-1678	2021-10-15 19:58:43	37	1	02:00	12.870000	0.9998	9.860	0.9975	20.56	2.2	0.42	71.394	0.226	
81A-1678	2021-10-15 20:02:15	38	2	02:00	7.850000	0.9992	5.020	0.9951	18.45	2.602	0.303	13.037	0.314	
81A-1678	2021-10-15 20:05:46	39	3	02:00	3.280000	0.9993	2.790	0.9988	20.49	3.2	0.421	17.415	0.648	
81A-1678	2021-10-15 20:09:15	40	4	02:00	6.230000	0.9997	4.750	0.9982	20.38	3.107	0.343	19.823	0.033	
81A-1678	2021-10-15 20:58:43	41	1	02:00	12.110000	0.9997	9.830	0.9983	20.09	2.2	0.42	71.257	0.211	
81A-1678	2021-10-15 21:02:15	42	2	02:00	8.500000	0.9994	5.360	0.9945	17.92	2.7	0.303	12.928	0.296	
81A-1678	2021-10-15 21:05:46	43	3	02:00	3.100000	0.9989	2.820	0.9987	20.04	3.3	0.419	17.294	0.58	
81A-1678	2021-10-15 21:09:15	44	4	02:00	5.730000	0.9992	4.780	0.9984	19.93	3.1	0.343	19.704	0.034	
81A-1678	2021-10-15 21:58:43	45	1	02:00	12.090000	0.9998	9.950	0.9985	19.66	2.3	0.419	71.411	0.2	
81A-1678	2021-10-15 22:02:15	46	2	02:00	8.180000	0.9992	5.120	0.9948	17.52	2.7	0.304	12.825	0.279	
81A-1678	2021-10-15 22:05:46	47	3	02:00	3.220000	0.9991	2.850	0.9988	19.6	3.3	0.418	17.121	0.518	
81A-1678	2021-10-15 22:09:15	48	4	02:00	5.460000	0.9994	4.690	0.9989	19.46	3.1	0.343	19.581	0.034	
81A-1678	2021-10-15 22:58:43	49	1	02:00	12.240000	0.9998	10.120	0.9987	19.21	2.293	0.419	71.313	0.19	
81A-1678	2021-10-15 23:02:15	50	2	02:00	7.040000	0.9996	5.140	0.9971	17.02	2.7	0.304	12.686	0.261	
81A-1678	2021-10-15 23:05:46	51	3	02:00	3.130000	0.9986	2.840	0.9984	19.13	3.231	0.418	16.947	0.486	
81A-1678	2021-10-15 23:09:15	52	4	02:00	5.710000	0.9996	4.720	0.9988	19.01	3.1	0.343	19.416	0.034	
81A-1678	2021-10-15 23:58:43	53	1	02:00	12.430000	0.9997	10.310	0.9985	18.74	2.3	0.419	71.819	0.179	
81A-1678	2021-10-16 00:02:15	54	2	02:00	7.700000	0.9990	5.140	0.9947	16.06	2.765	0.303	12.531	0.25	
81A-1678	2021-10-16 00:05:46	55	3	02:00	2.950000	0.9991	2.720	0.9990	18.81	3.2	0.419	16.777	0.466	
81A-1678	2021-10-16 00:09:15	56	4	02:00	5.820000	0.9995	4.630	0.9980	18.63	3.1	0.342	19.234	0.035	
81A-1678	2021-10-16 00:58:43	57	1	02:00	12.000000	0.9998	10.390	0.9991	18.36	2.3	0.417	71.925	0.17	
81A-1678	2021-10-16 01:02:12	58	2	02:00	6.700000	0.9993	4.890	0.9975	16.57	2.7	0.302	12.352	0.237	
81A-1678	2021-10-16 01:05:41	59	3	02:00	3.330000	0.9978	2.790	0.9972	18.36	3.275	0.418	16.59	0.433	
81A-1678	2021-10-16 01:09:10	60	4	02:00	5.960000	0.9994	4.600	0.9980	18.24	3.2	0.341	19.038	0.035	
81A-1678	2021-10-16 01:58:43	61	1	02:00	12.620000	0.9998	10.320	0.9983	17.96	2.3	0.417	71.918	0.161	
81A-1678	2021-10-16 02:02:15	62	2	02:00	8.620000	0.9995	5.140	0.9924	16.12	2.8	0.303	12.194	0.226	
81A-1678	2021-10-16 02:05:47	63	3	02:00	3.030000	0.9995	2.810	0.9994	17.97	3.3	0.417	16.388	0.417	
81A-1678	2021-10-16 02:09:16	64	4	02:00	5.090000	0.9998	4.490	0.9994	17.87	3.1	0.342	18.86	0.035	
81A-1678	2021-10-16 02:58:43	65	1	02:00	12.240000	0.9998	10.230	0.9986	17.79	2.3	0.416	71.897	0.154	
81A-1678	2021-10-16 03:02:15	66	2	02:00	7.410000	0.9994	5.000	0.9967	16.06	2.7	0.3	12.041	0.217	
81A-1678	2021-10-16 03:05:43	67	3	02:00	3.130000	0.9991	2.840	0.9989	17.79	3.3	0.415	16.22	0.398	
81A-1678	2021-10-16 03:09:12	68	4	02:00	5.350000	0.9998	4.580	0.9992	17.65	3.1	0.341	18.693	0.035	
81A-1678	2021-10-16 03:58:43	69	1	02:00	12.540000	0.9997	10.370	0.9984	17.7	2.3	0.416	71.844	0.149	
81A-1678	2021-10-16 04:02:15	70	2	02:00	7.560000	0.9994	4.860	0.9953	15.65	2.771	0.298	11.93	0.212	
81A-1678	2021-10-16 04:05:46	71	3	02:00	3.240000	0.9980	2.770	0.9974	17.69	3.347	0.415	16.088	0.391	
81A-1678	2021-10-16 04:09:15	72	4	02:00	5.330000	0.9995	4.550	0.9989	17.56	3.091	0.341	18.553	0.035	
81A-1678	2021-10-16 04:58:43	73	1	02:00	12.430000	0.9998	10.220	0.9985	17.57	2.3	0.416	71.944	0.146	
81A-1678	2021-10-16 05:02:15	74	2	02:00	7.700000	0.9993	4.980	0.9951	15.69	2.7	0.299	11.845	0.202	
81A-1678	2021-10-16 05:05:46	75	3	02:00	2.900000	0.9989	2.820	0.9989	17.67	3.3	0.416	15.991	0.404	
81A-1678	2021-10-16 05:09:15	76	4	02:00	5.250000	0.9995	4.580	0.9991	17.55	3.1	0.341	18.437	0.035	
81A-1678	2021-10-16 05:58:43	77	1	02:00	12.390000	0.9998	10.200	0.9983	17.6	2.3	0.414	71.826	0.144	
81A-1678	2021-10-16 06:02:15	78	2	02:00	6.730000	0.9994	4.740	0.9963	15.84	2.7	0.298	11.76	0.203	
81A-1678	2021-10-16 06:05:47	79	3	02:00	2.740000	0.9991	2.740	0.9991	17.6	3.3	0.416	15.909	0.374	
81A-1678	2021-10-16 06:09:19	80	4	02:00	4.920000	0.9995	4.370	0.9990	17.51	3.1	0.34	18.37	0.035	
81A-1678	2021-10-16 06:58:43	81	1	02:00	11.560000	0.9999	9.950	0.9990	17.76	2.26	0.415	70.919	0.144	
81A-1678	2021-10-16 07:02:15	82	2	02:00	7.400000	0.9992	4.670	0.9955	16.04	3.1	0.298	11.729	0.205	
81A-1678	2021-10-16 07:05:44	83	3	02:00	2.960000	0.9989	2.730	0.9987	17.83	3.3	0.415	15.871	0.366	
81A-1678	2021-10-16 07:09:13	84	4	02:00	5.730000	0.9995	4.510	0.9984	17.75	3.1	0.34	18.309	0.035	
81A-1678	2021-10-16 07:58:43	85	1	02:00	11.910000	0.9999	10.030	0.9988	17.83	2.204	0.414	71.022	0.144	
81A-1678	2021-10-16 08:02:15	86	2	02:00	6.170000	0.9995	4.490	0.9971	16.1	2.822	0.298	11.706	0.205	
81A-1678	2021-10-16 08:05:46	87	3	02:00	2.850000	0.9990	2.800	0.9990	17.84	3.416	0.415	15.86	0.37	
81A-1678	2021-10-16 08:09:15	88	4	02:00	5.180000	0.9997	4.380	0.9991	17.74	3.2	0.34	18.294	0.035	
81A-1678	2021-10-16 08:58:43	89	1	02:00	11.360000	0.9997	9.850	0.9988	18.3	2.3	0.415	71.262	0.149	
81A-1678	2021-10-16 09:02:13	90	2	02:00	6.760000	0.9993	4.610	0.9968	16.52	2.995	0.298	11.734	0.215	
81A-1678	2021-10-16 09:05:42	91	3	02:00	3.050000	0.9993	2.770	0.9990	18.48	3.3	0.415	15.919	0.378	
81A-1678	2021-10-16 09:09:11	92	4	02:00	4.950000	0.9995	4.360	0.9991	18.51	3.1	0.339	18.336	0.035	
81A-1678	2021-10-16 09:58:43	93	1	02:00	11.210000	0.9998	9.370	0.9986	19.34	2.3	0.415	71.128	0.163	
81A-1678	2021-10-16 10:02:15	94	2	02:00	5.200000	0.9994	4.110	0.9981	17.42	2.7	0.296	11.924	0.24	
81A-1678	2021-10-16 10:05:45	95	3	02:00	2.810000	0.9988	2.810	0.9988	19.39	3.3	0.416	16.148	0.399	
81A-1678	2021-10-16 10:09:17	96	4	02:00	4.770000	0.9987	3.780	0.9977	19.45	3.1	0.339	18.5	0.035	
81A-1678	2021-10-16 10:58:43	97	1	02:00	10.470000	0.9998	8.960	0.9989	20.62	2.3	0.414	70.916	0.187	
81A-1678	2021-10-16 11:02:15	98	2	02:00	5.850000	0.9988	4.120	0.9967	18.53	2.9	0.296	12.226	0.279	
81A-1678	2021-10-16 11:05:44	99	3	02:00	2.970000	0.9992	2.770	0.9991	20.68	3.2	0.417	16.545	0.431	
81A-1678	2021-10-16 11:09:13	100	4	02:00	5.280000	0.9997	4.190	0.9985	20.73	3.1	0.34	18.825	0.035	
81A-1678	2021-10-16 11:58:43	101	1	02:00	10.590000	0.9998	8.940	0.9987	21.48	2.3	0.416	71.153	0.205	
81A-1678	2021-10-16 12:02:15	102	2	02:00	7.240000	0.9995	4.430	0.9957	19.18	2.7	0.296	12.573	0.308	
81A-1678	2021-10-16 12:05:43	103	3	02:00	2.860000	0.9995	2.800	0.9995	21.6	3.225	0.417	16.939	0.455	
81A-1678	2021-10-16 12:09:12	104	4	02:00	4.980000	0.9997	4.390	0.9992	21.69	3.1	0.34	19.174	0.035	
81A-1678	2021-10-16 12:58:43	105	1	02:00	9.560000	0.9999	8.580	0.9994	22.85	2.3	0.417	71.112	0.227	
81A-1678	2021-10-16 13:02:12	106	2	02:00	4.980000	0.9992	4.500	0.9989	20.9	2.7	0.296	12.953	0.347	
81A-1678	2021-10-16 13:05:40	107	3	02:00	3.000000	0.9995	2.860	0.9994	23.08	3.2	0.417	17.398	0.487	
81A-1678	2021-10-16 13:09:09	108	4	02:00	4.840000	0.9996	4.410	0.9993	23.25	3.1	0.341	19.719	0.034	
81A-1678	2021-10-16 13:58:43	109	1	02:00	10.030000	0.9998	8.680	0.9989	23.34	2.3	0.415	71.193	0.24	
81A-1678	2021-10-16 14:02:15	110	2	02:00	5.210000	0.9995	4.450	0.9989	21.26	2.7	0.297	13.31	0.369	
81A-1678	2021-10-16 14:05:44	111	3	02:00	2.970000	0.9996	2.940	0.9996	23.21	3.2	0.418	17.785	0.507	
81A-1678	2021-10-16 14:09:13	112	4	02:00	4.930000	0.9995	4.440	0.9992	23.31	3.1	0.34	20.082	0.033	
81A-1678	2021-10-16 14:58:43	113	1	02:00	9.490000	0.9998	8.290	0.9991	23.64	2.265	0.415	71.231	0.242	
81A-1678	2021-10-16 15:02:13	114	2	02:00	4.690000	0.9988	4.690	0.9988	21.52	2.9	0.296	13.567	0.373	
81A-1678	2021-10-16 15:05:44	115	3	02:00	3.270000	0.9994	2.900	0.9989	23.53	3.2	0.417	18.084	0.508	
81A-1678	2021-10-16 15:09:13	116	4	02:00	4.540000	0.9991	4.180	0.9989	23.54	3.1	0.339	20.317	0.033	
81A-1678	2021-10-16 15:58:43	117	1	02:00	9.960000	0.9997	8.410	0.9984	19.27	2.2	0.413	70.841	0.169	
81A-1678	2021-10-16 16:02:15	118	2	02:00	4.900000	0.9978	4.900	0.9978	17.39	3	0.294	12.966	0.246	
81A-1678	2021-10-16 16:05:46	119	3	02:00	2.950000	0.9994	2.950	0.9994	19.13	3.2	0.415	17.287	0.376	
81A-1678	2021-10-16 16:09:18	120	4	02:00	5.120000	0.9995	4.440	0.9990	19.08	3.1	0.338	19.648	0.033	
81A-1678	2021-10-16 16:58:43	121	1	02:00	9.860000	0.9996	8.840	0.9990	17.63	2.3	0.397	70.294	0.081	
81A-1678	2021-10-16 17:02:12	122	2	02:00	4.470000	0.9995	4.230	0.9995	15.49	3.1	0.305	12.429	0.139	
81A-1678	2021-10-16 17:05:40	123	3	02:00	2.570000	0.9993	2.530	0.9993	17.43	3.2	0.379	16.654	0.247	
81A-1678	2021-10-16 17:09:09	124	4	02:00	5.010000	0.9996	4.320	0.9988	17.2	3.1	0.344	19.099	0.033	
81A-1678	2021-10-16 17:58:43	125	1	02:00	9.260000	0.9998	8.530	0.9995	16.63	2.3	0.468	68.972	0.035	
81A-1678	2021-10-16 18:02:12	126	2	02:00	3.310000	0.9997	3.230	0.9996	14.26	3.1	0.368	11.879	0.11	
81A-1678	2021-10-16 18:05:40	127	3	02:00	1.420000	0.9978	1.340	0.9976	16.62	3.284	0.45	16.107	0.225	
81A-1678	2021-10-16 18:09:09	128	4	02:00	4.800000	0.9992	3.570	0.9970	16.39	3.1	0.412	18.568	0.035	
81A-1678	2021-10-16 18:58:43	129	1	02:00	8.700000	0.9999	7.420	0.9987	16.65	2.3	0.454	70.389	0.044	
81A-1678	2021-10-16 19:02:15	130	2	02:00	3.180000	0.9994	2.920	0.9992	13.34	3.1	0.397	11.548	0.118	
81A-1678	2021-10-16 19:05:43	131	3	02:00	1.730000	0.9984	1.730	0.9984	16.73	3.265	0.427	15.785	0.24	
81A-1678	2021-10-16 19:09:15	132	4	02:00	3.390000	0.9990	3.080	0.9988	16.58	3.1	0.416	18.294	0.035	
81A-1678	2021-10-16 19:58:43	133	1	02:00	8.790000	0.9995	7.300	0.9982	15.82	2.3	0.456	70.478	0.046	
81A-1678	2021-10-16 20:02:15	134	2	02:00	3.330000	0.9992	2.860	0.9987	13.45	3.1	0.397	11.411	0.105	
81A-1678	2021-10-16 20:05:43	135	3	02:00	1.940000	0.9985	1.820	0.9984	15.83	3.3	0.402	15.59	0.231	
81A-1678	2021-10-16 20:09:12	136	4	02:00	3.560000	0.9990	3.380	0.9990	15.69	3.182	0.421	18.077	0.035	
81A-1678	2021-10-16 20:58:43	137	1	02:00	8.890000	0.9996	7.330	0.9981	15.01	2.3	0.455	70.482	0.043	
81A-1678	2021-10-16 21:02:15	138	2	02:00	4.230000	0.9994	3.220	0.9975	12.07	3.1	0.387	11.159	0.089	
81A-1678	2021-10-16 21:05:46	139	3	02:00	1.880000	0.9974	1.710	0.9971	15.14	3.3	0.401	15.288	0.23	
81A-1678	2021-10-16 21:09:15	140	4	02:00	4.530000	0.9993	3.800	0.9985	14.83	3.2	0.415	17.771	0.035	
81A-1678	2021-10-16 21:58:43	141	1	02:00	8.500000	0.9994	7.350	0.9984	14.43	2.3	0.455	70.449	0.042	
81A-1678	2021-10-16 22:02:12	142	2	02:00	4.850000	0.9995	3.520	0.9968	11.95	3.1	0.384	10.871	0.078	
81A-1678	2021-10-16 22:05:43	143	3	02:00	2.240000	0.9990	1.950	0.9986	14.44	3.3	0.41	14.948	0.202	
81A-1678	2021-10-16 22:09:12	144	4	02:00	4.670000	0.9992	3.780	0.9982	13.98	3.2	0.412	17.428	0.036	
81A-1678	2021-10-16 22:58:43	145	1	02:00	8.880000	0.9995	7.580	0.9985	13.61	2.3	0.458	70.471	0.047	
81A-1678	2021-10-16 23:02:13	146	2	02:00	4.660000	0.9995	3.760	0.9982	10.62	3.2	0.38	10.564	0.068	
81A-1678	2021-10-16 23:05:44	147	3	02:00	2.120000	0.9991	1.930	0.9989	13.69	3.3	0.424	14.587	0.211	
81A-1678	2021-10-16 23:09:13	148	4	02:00	4.400000	0.9988	3.580	0.9980	13.72	3.2	0.409	17.031	0.036	
81A-1678	2021-10-16 23:58:43	149	1	02:00	9.160000	0.9996	7.560	0.9981	13.14	2.3	0.461	70.353	0.063	
81A-1678	2021-10-17 00:02:15	150	2	02:00	5.440000	0.9996	3.800	0.9965	11.05	3.2	0.379	10.202	0.054	
81A-1678	2021-10-17 00:05:46	151	3	02:00	2.180000	0.9988	1.960	0.9985	13.15	3.3	0.433	14.244	0.206	
81A-1678	2021-10-17 00:09:15	152	4	02:00	4.310000	0.9989	3.780	0.9984	13.11	3.2	0.407	16.626	0.036	
81A-1678	2021-10-17 00:58:43	153	1	02:00	8.390000	0.9997	7.230	0.9987	12.4	2.3	0.466	70.345	0.063	
81A-1678	2021-10-17 01:02:14	154	2	02:00	4.630000	0.9992	3.870	0.9981	10.02	3.136	0.38	9.816	0.046	
81A-1678	2021-10-17 01:05:42	155	3	02:00	2.110000	0.9992	2.010	0.9992	12.61	3.3	0.437	13.847	0.19	
81A-1678	2021-10-17 01:09:11	156	4	02:00	3.820000	0.9991	3.610	0.9991	12.4	3.2	0.405	16.261	0.037	
81A-1678	2021-10-17 01:58:43	157	1	02:00	8.460000	0.9997	7.550	0.9991	12.04	2.3	0.466	70.359	0.057	
81A-1678	2021-10-17 02:02:12	158	2	02:00	5.040000	0.9996	3.950	0.9981	8.87	3.2	0.379	9.445	0.038	
81A-1678	2021-10-17 02:05:43	159	3	02:00	2.110000	0.9991	2.040	0.9990	12.02	3.3	0.439	13.437	0.179	
81A-1678	2021-10-17 02:09:12	160	4	02:00	3.960000	0.9997	3.630	0.9994	11.75	3.2	0.404	15.891	0.037	
81A-1678	2021-10-17 02:58:43	161	1	02:00	9.100000	0.9998	7.550	0.9983	11.77	2.3	0.465	70.378	0.054	
81A-1678	2021-10-17 03:02:15	162	2	02:00	5.090000	0.9994	4.040	0.9979	8.91	3.2	0.377	9.13	0.038	
81A-1678	2021-10-17 03:05:47	163	3	02:00	2.260000	0.9990	2.050	0.9988	11.85	3.3	0.439	13.102	0.182	
81A-1678	2021-10-17 03:09:16	164	4	02:00	4.390000	0.9990	3.730	0.9983	11.58	3.2	0.402	15.559	0.038	
81A-1678	2021-10-17 03:58:43	165	1	02:00	7.850000	0.9998	7.220	0.9995	11.9	2.3	0.465	70.269	0.052	
81A-1678	2021-10-17 04:02:12	166	2	02:00	5.370000	0.9995	3.980	0.9974	8.13	3.2	0.375	8.909	0.038	
81A-1678	2021-10-17 04:05:43	167	3	02:00	2.380000	0.9993	2.090	0.9988	12.01	3.3	0.44	12.889	0.178	
81A-1678	2021-10-17 04:09:12	168	4	02:00	4.300000	0.9992	3.710	0.9986	11.86	3.2	0.402	15.314	0.038	
81A-1678	2021-10-17 04:58:43	169	1	02:00	8.820000	0.9997	7.520	0.9987	12	2.3	0.465	70.291	0.052	
81A-1678	2021-10-17 05:02:14	170	2	02:00	5.410000	0.9996	4.000	0.9971	7.93	3.2	0.374	8.729	0.038	
81A-1678	2021-10-17 05:05:45	171	3	02:00	2.220000	0.9993	2.080	0.9992	12.09	3.3	0.444	12.704	0.178	
81A-1678	2021-10-17 05:09:14	172	4	02:00	3.960000	0.9996	3.660	0.9994	11.92	3.2	0.398	15.106	0.038	
81A-1678	2021-10-17 05:58:43	173	1	02:00	9.380000	0.9997	7.630	0.9980	11.34	2.4	0.465	70.243	0.047	
81A-1678	2021-10-17 06:02:15	174	2	02:00	4.810000	0.9994	3.310	0.9969	7.87	3.2	0.38	8.502	0.038	
81A-1678	2021-10-17 06:05:44	175	3	02:00	2.060000	0.9986	2.060	0.9986	11.34	3.3	0.445	12.468	0.166	
81A-1678	2021-10-17 06:09:16	176	4	02:00	4.680000	0.9992	3.780	0.9983	11.36	3.2	0.394	14.868	0.037	
81A-1678	2021-10-17 06:58:43	177	1	02:00	8.040000	0.9998	7.210	0.9994	11.16	2.4	0.466	70.201	0.046	
81A-1678	2021-10-17 07:02:12	178	2	02:00	6.150000	0.9994	3.230	0.9903	8.5	3.2	0.379	8.301	0.038	
81A-1678	2021-10-17 07:05:43	179	3	02:00	2.360000	0.9990	2.140	0.9988	11.25	3.3	0.444	12.177	0.161	
81A-1678	2021-10-17 07:09:12	180	4	02:00	4.390000	0.9988	3.810	0.9983	11.32	3.2	0.393	14.616	0.038	
81A-1678	2021-10-17 07:58:43	181	1	02:00	8.910000	0.9995	7.450	0.9982	10.99	2.365	0.466	70.2	0.044	
81A-1678	2021-10-17 08:02:15	182	2	02:00	5.420000	0.9997	3.690	0.9970	7.98	3.2	0.381	8.102	0.038	
81A-1678	2021-10-17 08:05:43	183	3	02:00	2.260000	0.9993	2.140	0.9993	10.99	3.3	0.446	11.976	0.157	
81A-1678	2021-10-17 08:09:12	184	4	02:00	3.770000	0.9994	3.520	0.9993	10.98	3.2	0.391	14.398	0.038	
81A-1678	2021-10-17 08:58:43	185	1	02:00	10.600000	0.9904	10.600	0.9904	11.28	2.32	0.466	70.151	0.045	
81A-1678	2021-10-17 09:02:15	186	2	02:00	4.590000	0.9997	3.790	0.9986	8.12	3.2	0.38	7.946	0.038	
81A-1678	2021-10-17 09:05:45	187	3	02:00	2.280000	0.9968	1.880	0.9956	11.41	3.3	0.447	11.934	0.161	
81A-1678	2021-10-17 09:09:14	188	4	02:00	4.110000	0.9991	3.540	0.9985	11.5	3.2	0.39	14.282	0.038	
81A-1678	2021-10-17 09:58:43	189	1	02:00	13.520000	0.9998	12.130	0.9992	12.51	2.4	0.466	70.163	0.055	
81A-1678	2021-10-17 10:02:12	190	2	02:00	4.590000	0.9994	3.620	0.9979	8.85	3.2	0.383	8.033	0.046	
81A-1678	2021-10-17 10:05:43	191	3	02:00	2.290000	0.9988	2.120	0.9987	12.7	3.3	0.448	11.974	0.176	
81A-1678	2021-10-17 10:09:12	192	4	02:00	4.070000	0.9993	3.550	0.9985	12.83	3.2	0.389	14.317	0.038	
81A-1678	2021-10-17 10:58:43	193	1	02:00	12.560000	0.9999	11.480	0.9995	13.86	2.4	0.466	70.159	0.067	
81A-1678	2021-10-17 11:02:12	194	2	02:00	4.650000	0.9996	3.980	0.9990	11.39	3.2	0.384	8.138	0.063	
81A-1678	2021-10-17 11:05:41	195	3	02:00	2.140000	0.9991	2.050	0.9991	13.98	3.3	0.45	12.046	0.202	
81A-1678	2021-10-17 11:09:10	196	4	02:00	3.370000	0.9994	3.370	0.9994	14.17	3.2	0.388	14.347	0.038	
81A-1678	2021-10-17 11:58:43	197	1	02:00	12.810000	0.9999	11.590	0.9994	14.68	2.4	0.467	70.217	0.078	
81A-1678	2021-10-17 12:02:13	198	2	02:00	4.280000	0.9996	3.950	0.9994	12.22	3.2	0.383	8.215	0.08	
81A-1678	2021-10-17 12:05:41	199	3	02:00	2.580000	0.9992	2.450	0.9991	14.71	3.3	0.451	12.13	0.219	
81A-1678	2021-10-17 12:09:10	200	4	02:00	3.720000	0.9995	3.620	0.9994	14.91	3.2	0.387	14.377	0.037	
81A-1678	2021-10-17 12:58:43	201	1	02:00	11.000000	0.9999	10.260	0.9997	15.58	2.295	0.466	70.246	0.091	
81A-1678	2021-10-17 13:02:12	202	2	02:00	5.150000	0.9998	4.210	0.9983	13.09	3.2	0.383	8.381	0.1	
81A-1678	2021-10-17 13:05:43	203	3	02:00	2.580000	0.9993	2.310	0.9988	15.72	3.3	0.453	12.324	0.264	
81A-1678	2021-10-17 13:09:12	204	4	02:00	3.550000	0.9991	3.430	0.9991	15.88	3.2	0.386	14.729	0.037	
81A-1678	2021-10-17 13:58:43	205	1	02:00	11.710000	0.9997	11.170	0.9996	16.04	2.324	0.465	70.247	0.103	
81A-1678	2021-10-17 14:02:12	206	2	02:00	4.050000	0.9995	3.440	0.9989	13.25	3.2	0.385	8.536	0.119	
81A-1678	2021-10-17 14:05:41	207	3	02:00	2.430000	0.9988	2.240	0.9986	15.98	3.3	0.452	12.524	0.252	
81A-1678	2021-10-17 14:09:10	208	4	02:00	4.090000	0.9996	3.570	0.9991	15.74	3.2	0.384	14.845	0.036	
81A-1678	2021-10-17 14:58:43	209	1	02:00	11.030000	0.9994	10.530	0.9993	15.88	2.3	0.465	70.285	0.103	
81A-1678	2021-10-17 15:02:12	210	2	02:00	3.950000	0.9993	3.560	0.9991	13.15	3.2	0.379	8.598	0.126	
81A-1678	2021-10-17 15:05:40	211	3	02:00	2.470000	0.9990	2.210	0.9987	16.41	3.3	0.451	12.651	0.26	
81A-1678	2021-10-17 15:09:09	212	4	02:00	3.320000	0.9990	3.320	0.9990	16.52	3.2	0.383	14.86	0.036	
81A-1678	2021-10-17 15:58:43	213	1	02:00	10.990000	0.9995	10.360	0.9994	16.21	2.3	0.464	70.219	0.107	
81A-1678	2021-10-17 16:02:12	214	2	02:00	4.260000	0.9997	3.750	0.9990	13.53	3.2	0.379	8.589	0.133	
81A-1678	2021-10-17 16:05:40	215	3	02:00	1.930000	0.9992	1.930	0.9992	16.38	3.3	0.447	12.645	0.255	
81A-1678	2021-10-17 16:09:12	216	4	02:00	3.680000	0.9997	3.400	0.9995	16.47	3.2	0.381	14.81	0.036	
81A-1678	2021-10-17 16:58:43	217	1	02:00	10.390000	0.9998	10.000	0.9998	15.98	2.3	0.462	70.263	0.104	
81A-1678	2021-10-17 17:02:12	218	2	02:00	4.500000	0.9998	3.670	0.9990	12.48	3.2	0.378	8.511	0.129	
81A-1678	2021-10-17 17:05:42	219	3	02:00	2.350000	0.9991	2.210	0.9990	15.84	3.3	0.447	12.577	0.247	
81A-1678	2021-10-17 17:09:11	220	4	02:00	4.220000	0.9996	3.500	0.9989	15.86	3.2	0.38	14.743	0.036	
81A-1678	2021-10-17 17:58:43	221	1	02:00	11.260000	0.9999	10.290	0.9995	14.92	2.3	0.461	70.259	0.092	
81A-1678	2021-10-17 18:02:12	222	2	02:00	5.030000	0.9995	3.630	0.9971	11.55	3.2	0.378	8.529	0.111	
81A-1678	2021-10-17 18:05:43	223	3	02:00	1.920000	0.9984	1.920	0.9984	14.82	3.3	0.446	12.631	0.227	
81A-1678	2021-10-17 18:09:15	224	4	02:00	3.560000	0.9993	3.280	0.9991	14.71	3.2	0.38	14.803	0.036	
81A-1678	2021-10-17 18:58:43	225	1	02:00	10.060000	0.9998	7.950	0.9978	13.64	2.4	0.46	70.313	0.078	
81A-1678	2021-10-17 19:02:15	226	2	02:00	5.010000	0.9993	3.880	0.9975	10.54	3.2	0.379	8.395	0.096	
81A-1678	2021-10-17 19:05:46	227	3	02:00	2.410000	0.9989	2.190	0.9987	13.55	3.3	0.443	12.487	0.198	
81A-1678	2021-10-17 19:09:15	228	4	02:00	3.640000	0.9994	3.340	0.9992	13.33	3.2	0.378	14.726	0.036	
81A-1678	2021-10-17 19:58:43	229	1	02:00	11.050000	0.9999	9.280	0.9988	12.57	2.5	0.457	70.273	0.066	
81A-1678	2021-10-17 20:02:15	230	2	02:00	4.920000	0.9995	3.940	0.9980	9.35	3.2	0.378	8.131	0.081	
81A-1678	2021-10-17 20:05:47	231	3	02:00	2.310000	0.9991	2.160	0.9990	12.53	3.3	0.44	12.153	0.175	
81A-1678	2021-10-17 20:09:16	232	4	02:00	3.680000	0.9992	3.370	0.9990	12.33	3.2	0.377	14.482	0.036	
81A-1678	2021-10-17 20:58:43	233	1	02:00	19.760000	0.9998	14.900	0.9965	12.63	2.6	0.457	70.206	0.062	
81A-1678	2021-10-17 21:02:15	234	2	02:00	4.450000	0.9997	3.900	0.9992	10.12	3.2	0.377	7.93	0.079	
81A-1678	2021-10-17 21:05:44	235	3	02:00	2.340000	0.9991	2.190	0.9990	12.5	3.3	0.439	11.959	0.168	
81A-1678	2021-10-17 21:09:13	236	4	02:00	3.310000	0.9992	3.010	0.9989	12.56	3.2	0.377	14.29	0.037	
81A-1678	2021-10-17 21:58:43	237	1	02:00	11.320000	0.9998	10.000	0.9992	12.2	2.6	0.455	70.224	0.06	
81A-1678	2021-10-17 22:02:12	238	2	02:00	4.340000	0.9996	3.660	0.9987	10.08	3.2	0.378	7.798	0.071	
81A-1678	2021-10-17 22:05:40	239	3	02:00	2.020000	0.9992	2.020	0.9992	12.06	3.3	0.439	11.834	0.163	
81A-1678	2021-10-17 22:09:12	240	4	02:00	3.350000	0.9994	3.100	0.9992	11.87	3.2	0.377	14.135	0.037	
81A-1678	2021-10-17 22:58:43	241	1	02:00	17.000000	0.9996	13.830	0.9977	10.79	2.5	0.454	70.186	0.049	
81A-1678	2021-10-17 23:02:15	242	2	02:00	5.030000	0.9995	3.860	0.9977	8.77	3.2	0.377	7.512	0.062	
81A-1678	2021-10-17 23:05:46	243	3	02:00	2.260000	0.9991	2.200	0.9991	10.7	3.3	0.435	11.426	0.142	
81A-1678	2021-10-17 23:09:15	244	4	02:00	3.480000	0.9994	3.330	0.9993	10.42	3.2	0.376	13.816	0.038	
81A-1678	2021-10-17 23:58:43	245	1	02:00	19.330000	0.9995	14.340	0.9957	10.27	2.4	0.453	70.096	0.044	
81A-1678	2021-10-18 00:02:15	246	2	02:00	5.100000	0.9996	3.790	0.9973	8.15	3.2	0.377	7.344	0.057	
81A-1678	2021-10-18 00:05:46	247	3	02:00	2.270000	0.9988	2.120	0.9987	10.35	3.3	0.433	11.153	0.133	
81A-1678	2021-10-18 00:09:15	248	4	02:00	3.610000	0.9997	3.260	0.9993	10.14	3.2	0.376	13.574	0.038	
81A-1678	2021-10-18 00:58:43	249	1	02:00	10.780000	0.9997	8.100	0.9966	9.94	2.6	0.452	70.134	0.04	
81A-1678	2021-10-18 01:02:15	250	2	02:00	4.820000	0.9997	3.780	0.9980	6.73	3.2	0.376	7.111	0.052	
81A-1678	2021-10-18 01:05:46	251	3	02:00	2.230000	0.9991	2.150	0.9990	10.05	3.318	0.433	10.897	0.129	
81A-1678	2021-10-18 01:09:15	252	4	02:00	3.920000	0.9995	3.390	0.9988	9.93	3.2	0.376	13.33	0.038	
81A-1678	2021-10-18 01:58:43	253	1	02:00	16.940001	0.9999	13.050	0.9971	9.94	2.5	0.451	70.118	0.039	
81A-1678	2021-10-18 02:02:15	254	2	02:00	4.960000	0.9995	3.670	0.9970	7.71	3.2	0.375	6.942	0.053	
81A-1678	2021-10-18 02:05:46	255	3	02:00	2.380000	0.9987	2.110	0.9984	10.12	3.3	0.432	10.755	0.127	
81A-1678	2021-10-18 02:09:15	256	4	02:00	3.670000	0.9995	3.370	0.9993	9.84	3.2	0.376	13.145	0.038	
81A-1678	2021-10-18 02:58:43	257	1	02:00	8.550000	0.9999	7.770	0.9995	9.6	2.6	0.45	70.13	0.039	
81A-1678	2021-10-18 03:02:12	258	2	02:00	4.770000	0.9995	3.670	0.9981	7.12	3.2	0.373	6.822	0.05	
81A-1678	2021-10-18 03:05:42	259	3	02:00	2.220000	0.9992	2.110	0.9992	9.52	3.4	0.433	10.53	0.124	
81A-1678	2021-10-18 03:09:11	260	4	02:00	3.710000	0.9990	3.370	0.9987	9.41	3.2	0.375	12.979	0.039	
81A-1678	2021-10-18 03:58:43	261	1	02:00	9.290000	0.9996	8.030	0.9987	9.37	2.6	0.45	69.976	0.039	
81A-1678	2021-10-18 04:02:13	262	2	02:00	4.180000	0.9997	3.580	0.9991	6.98	3.2	0.372	6.705	0.046	
81A-1678	2021-10-18 04:05:43	263	3	02:00	2.180000	0.9990	2.130	0.9990	9.52	3.4	0.432	10.383	0.121	
81A-1678	2021-10-18 04:09:12	264	4	02:00	4.040000	0.9994	3.320	0.9985	9.41	3.2	0.375	12.806	0.039	
81A-1678	2021-10-18 04:58:43	265	1	02:00	9.680000	0.9997	8.230	0.9986	9.96	2.6	0.449	70.096	0.04	
81A-1678	2021-10-18 05:02:15	266	2	02:00	4.750000	0.9998	3.760	0.9981	6.95	3.2	0.373	6.608	0.051	
81A-1678	2021-10-18 05:05:46	267	3	02:00	2.210000	0.9989	2.120	0.9989	10.06	3.4	0.431	10.331	0.123	
81A-1678	2021-10-18 05:09:15	268	4	02:00	3.170000	0.9995	3.140	0.9995	9.99	3.2	0.375	12.715	0.039	
81A-1678	2021-10-18 05:58:43	269	1	02:00	10.170000	0.9996	8.350	0.9980	10.21	2.6	0.449	70.043	0.04	
81A-1678	2021-10-18 06:02:15	270	2	02:00	4.610000	0.9996	3.510	0.9977	8.02	3.2	0.373	6.526	0.053	
81A-1678	2021-10-18 06:05:46	271	3	02:00	2.290000	0.9993	2.160	0.9992	10.17	3.4	0.431	10.29	0.126	
81A-1678	2021-10-18 06:09:15	272	4	02:00	3.750000	0.9992	3.310	0.9987	10.01	3.2	0.374	12.681	0.039	
81A-1678	2021-10-18 06:58:43	273	1	02:00	8.240000	0.9998	7.520	0.9995	10.52	2.6	0.448	70.032	0.042	
81A-1678	2021-10-18 07:02:12	274	2	02:00	4.150000	0.9995	3.550	0.9987	7.93	3.2	0.372	6.471	0.056	
81A-1678	2021-10-18 07:05:40	275	3	02:00	2.260000	0.9991	2.120	0.9990	10.51	3.4	0.429	10.249	0.128	
81A-1678	2021-10-18 07:09:09	276	4	02:00	2.990000	0.9993	2.950	0.9993	10.47	3.2	0.373	12.628	0.038	
81A-1678	2021-10-18 07:58:43	277	1	02:00	8.280000	0.9997	8.280	0.9997	10.2	2.331	0.448	69.98	0.04	
81A-1678	2021-10-18 08:02:15	278	2	02:00	4.310000	0.9997	3.610	0.9987	8.13	3.2	0.371	6.349	0.054	
81A-1678	2021-10-18 08:05:45	279	3	02:00	2.330000	0.9989	2.110	0.9986	10.36	3.378	0.43	10.191	0.125	
81A-1678	2021-10-18 08:09:14	280	4	02:00	2.930000	0.9995	2.880	0.9995	10.2	3.2	0.373	12.571	0.038	
81A-1678	2021-10-18 08:58:43	281	1	02:00	8.480000	0.9997	7.350	0.9988	10.66	2.5	0.447	69.941	0.043	
81A-1678	2021-10-18 09:02:14	282	2	02:00	4.240000	0.9997	3.380	0.9980	8.84	3.2	0.369	6.281	0.058	
81A-1678	2021-10-18 09:05:45	283	3	02:00	2.220000	0.9989	2.110	0.9988	10.89	3.365	0.43	10.158	0.131	
81A-1678	2021-10-18 09:09:14	284	4	02:00	2.830000	0.9993	2.830	0.9993	10.9	3.2	0.373	12.514	0.039	
81A-1678	2021-10-18 09:58:43	285	1	02:00	7.650000	0.9982	7.650	0.9982	12.3	2.495	0.448	70.058	0.054	
81A-1678	2021-10-18 10:02:15	286	2	02:00	4.330000	0.9996	3.330	0.9977	10.35	3.2	0.367	6.404	0.075	
81A-1678	2021-10-18 10:05:46	287	3	02:00	1.950000	0.9989	1.950	0.9989	12.46	3.3	0.43	10.348	0.152	
81A-1678	2021-10-18 10:09:19	288	4	02:00	2.750000	0.9992	2.700	0.9992	12.52	3.2	0.372	12.654	0.038	
81A-1678	2021-10-18 10:58:43	289	1	02:00	6.940000	0.9998	6.350	0.9994	13.96	2.5	0.449	70	0.068	
81A-1678	2021-10-18 11:02:12	290	2	02:00	3.500000	0.9996	3.260	0.9994	12.06	3.2	0.366	6.724	0.099	
81A-1678	2021-10-18 11:05:40	291	3	02:00	2.080000	0.9994	2.040	0.9994	14.23	3.3	0.431	10.717	0.179	
81A-1678	2021-10-18 11:09:09	292	4	02:00	2.800000	0.9992	2.800	0.9992	14.28	3.2	0.372	12.953	0.038	
81A-1678	2021-10-18 11:58:43	293	1	02:00	6.620000	0.9998	6.590	0.9998	15.28	2.5	0.447	70.082	0.084	
81A-1678	2021-10-18 12:02:12	294	2	02:00	3.890000	0.9996	3.360	0.9988	13.15	3.2	0.365	6.989	0.123	
81A-1678	2021-10-18 12:05:40	295	3	02:00	2.240000	0.9985	2.130	0.9984	15.48	3.3	0.436	11.022	0.206	
81A-1678	2021-10-18 12:09:09	296	4	02:00	3.350000	0.9995	3.010	0.9991	15.53	3.2	0.371	13.196	0.038	
81A-1678	2021-10-18 12:58:43	297	1	02:00	10.120000	0.9999	8.490	0.9984	15.97	2.3	0.447	70.073	0.094	
81A-1678	2021-10-18 13:02:15	298	2	02:00	3.930000	0.9996	3.580	0.9993	14.04	3.2	0.364	7.231	0.139	
81A-1678	2021-10-18 13:05:43	299	3	02:00	2.160000	0.9994	2.140	0.9994	16.01	3.3	0.438	11.3	0.223	
81A-1678	2021-10-18 13:09:12	300	4	02:00	3.120000	0.9994	3.020	0.9994	16.06	3.2	0.37	13.539	0.037	
81A-1678	2021-10-18 13:58:43	301	1	02:00	11.830000	0.9995	10.480	0.9987	16.46	2.3	0.447	70.166	0.104	
81A-1678	2021-10-18 14:02:12	302	2	02:00	3.810000	0.9996	3.750	0.9996	14.68	3.2	0.363	7.457	0.155	
81A-1678	2021-10-18 14:05:40	303	3	02:00	2.600000	0.9989	2.250	0.9982	16.62	3.3	0.437	11.539	0.242	
81A-1678	2021-10-18 14:09:09	304	4	02:00	2.950000	0.9993	2.950	0.9993	16.83	3.2	0.369	13.722	0.036	
81A-1678	2021-10-18 14:58:43	305	1	02:00	6.800000	0.9997	6.240	0.9994	16.91	2.4	0.446	70.141	0.105	
81A-1678	2021-10-18 15:02:12	306	2	02:00	3.630000	0.9996	3.430	0.9995	14.79	3.2	0.363	7.601	0.163	
81A-1678	2021-10-18 15:05:40	307	3	02:00	2.390000	0.9992	2.330	0.9992	17.32	3.3	0.437	11.733	0.248	
81A-1678	2021-10-18 15:09:09	308	4	02:00	3.570000	0.9993	3.110	0.9985	17.61	3.2	0.368	13.855	0.036	
81A-1678	2021-10-18 15:58:43	309	1	02:00	6.720000	0.9998	6.030	0.9993	17.6	2.4	0.446	70.222	0.115	
81A-1678	2021-10-18 16:02:12	310	2	02:00	4.230000	0.9996	3.410	0.9985	15.44	3.2	0.362	7.817	0.182	
81A-1678	2021-10-18 16:05:41	311	3	02:00	2.310000	0.9994	2.180	0.9993	17.35	3.3	0.436	12.039	0.255	
81A-1678	2021-10-18 16:09:10	312	4	02:00	3.010000	0.9994	2.940	0.9994	17.57	3.2	0.367	14.094	0.036	
81A-1678	2021-10-18 16:58:43	313	1	02:00	6.580000	0.9971	6.580	0.9971	16.88	2.4	0.444	70.209	0.109	
81A-1678	2021-10-18 17:02:15	314	2	02:00	3.660000	0.9994	3.150	0.9989	14.72	3.2	0.361	7.976	0.172	
81A-1678	2021-10-18 17:05:44	315	3	02:00	2.340000	0.9988	2.140	0.9985	16.89	3.3	0.435	12.204	0.248	
81A-1678	2021-10-18 17:09:13	316	4	02:00	3.410000	0.9995	3.030	0.9990	16.94	3.2	0.365	14.28	0.035	
81A-1678	2021-10-18 17:58:43	317	1	02:00	6.980000	0.9997	6.240	0.9992	16.34	2.4	0.444	70.192	0.102	
81A-1678	2021-10-18 18:02:12	318	2	02:00	4.200000	0.9994	3.320	0.9977	14.29	3.2	0.359	8.02	0.158	
81A-1678	2021-10-18 18:05:43	319	3	02:00	2.070000	0.9990	2.070	0.9990	16.07	3.3	0.434	12.217	0.233	
81A-1678	2021-10-18 18:09:15	320	4	02:00	3.710000	0.9993	3.130	0.9988	16.2	3.2	0.365	14.344	0.036	
81A-1678	2021-10-18 18:58:43	321	1	02:00	7.680000	0.9997	6.590	0.9988	14.6	2.4	0.442	70.222	0.084	
81A-1678	2021-10-18 19:02:14	322	2	02:00	4.170000	0.9995	3.310	0.9983	12.56	3.2	0.359	7.997	0.13	
81A-1678	2021-10-18 19:05:43	323	3	02:00	2.190000	0.9988	2.090	0.9988	14.34	3.3	0.431	12.117	0.2	
81A-1678	2021-10-18 19:09:12	324	4	02:00	3.640000	0.9995	3.260	0.9993	14.12	3.2	0.363	14.343	0.036	
81A-1678	2021-10-18 19:58:43	325	1	02:00	8.030000	0.9997	6.700	0.9985	12.53	2.411	0.44	70.136	0.061	
81A-1678	2021-10-18 20:02:15	326	2	02:00	4.900000	0.9994	3.640	0.9972	10.21	3.2	0.358	7.713	0.097	
81A-1678	2021-10-18 20:05:46	327	3	02:00	2.130000	0.9990	2.130	0.9990	12.33	3.3	0.426	11.727	0.157	
81A-1678	2021-10-18 20:09:18	328	4	02:00	3.630000	0.9994	3.310	0.9992	12.1	3.2	0.363	14.034	0.036	
81A-1678	2021-10-18 20:58:43	329	1	02:00	8.110000	0.9997	6.790	0.9984	11.47	2.5	0.438	70.188	0.049	
81A-1678	2021-10-18 21:02:15	330	2	02:00	4.700000	0.9996	3.620	0.9979	10.61	3.2	0.357	7.406	0.081	
81A-1678	2021-10-18 21:05:46	331	3	02:00	2.190000	0.9993	2.110	0.9992	11.55	3.3	0.425	11.32	0.139	
81A-1678	2021-10-18 21:09:15	332	4	02:00	3.780000	0.9993	3.330	0.9989	11.44	3.2	0.361	13.701	0.037	
81A-1678	2021-10-18 21:58:43	333	1	02:00	7.750000	0.9998	6.710	0.9990	10.86	2.5	0.436	70.045	0.042	
81A-1678	2021-10-18 22:02:14	334	2	02:00	4.470000	0.9996	3.370	0.9980	10.71	3.2	0.356	7.169	0.07	
81A-1678	2021-10-18 22:05:43	335	3	02:00	2.140000	0.9993	2.140	0.9993	10.79	3.329	0.423	11.028	0.127	
81A-1678	2021-10-18 22:09:15	336	4	02:00	3.840000	0.9994	3.400	0.9990	10.52	3.2	0.361	13.408	0.037	
81A-1678	2021-10-18 22:58:43	337	1	02:00	7.470000	0.9997	6.670	0.9992	10.57	2.5	0.437	70.032	0.041	
81A-1678	2021-10-18 23:02:12	338	2	02:00	4.670000	0.9993	3.490	0.9971	10.38	3.284	0.355	6.948	0.067	
81A-1678	2021-10-18 23:05:43	339	3	02:00	2.240000	0.9993	2.160	0.9993	10.53	3.365	0.422	10.782	0.123	
81A-1678	2021-10-18 23:09:12	340	4	02:00	3.710000	0.9995	3.310	0.9992	10.29	3.2	0.361	13.167	0.038	
81A-1678	2021-10-18 23:58:43	341	1	02:00	7.220000	0.9998	6.490	0.9994	10.39	2.5	0.435	70.053	0.04	
81A-1678	2021-10-19 00:02:12	342	2	02:00	4.650000	0.9997	3.460	0.9972	9.92	3.289	0.354	6.795	0.063	
81A-1678	2021-10-19 00:05:43	343	3	02:00	2.180000	0.9994	2.110	0.9994	10.04	3.4	0.42	10.606	0.116	
81A-1678	2021-10-19 00:09:12	344	4	02:00	3.620000	0.9993	3.290	0.9990	9.91	3.2	0.36	12.984	0.038	
81A-1678	2021-10-19 00:58:43	345	1	02:00	7.590000	0.9998	6.690	0.9992	9.48	2.5	0.435	70.02	0.039	
81A-1678	2021-10-19 01:02:12	346	2	02:00	4.270000	0.9997	3.220	0.9982	8.62	3.3	0.354	6.565	0.057	
81A-1678	2021-10-19 01:05:41	347	3	02:00	2.290000	0.9992	2.090	0.9989	9.7	3.4	0.418	10.328	0.107	
81A-1678	2021-10-19 01:09:10	348	4	02:00	3.770000	0.9994	3.290	0.9987	9.5	3.3	0.359	12.711	0.038	
81A-1678	2021-10-19 01:58:43	349	1	02:00	7.720000	0.9998	6.700	0.9990	8.93	2.5	0.435	70.006	0.039	
81A-1678	2021-10-19 02:02:15	350	2	02:00	4.280000	0.9995	3.410	0.9983	7.63	3.3	0.353	6.325	0.05	
81A-1678	2021-10-19 02:05:43	351	3	02:00	2.230000	0.9991	2.120	0.9990	8.95	3.4	0.416	10.015	0.096	
81A-1678	2021-10-19 02:09:12	352	4	02:00	3.640000	0.9996	3.230	0.9992	8.67	3.3	0.359	12.445	0.039	
81A-1678	2021-10-19 02:58:43	353	1	02:00	6.450000	0.9996	5.670	0.9990	8.64	2.447	0.434	69.972	0.04	
81A-1678	2021-10-19 03:02:12	354	2	02:00	4.280000	0.9998	3.300	0.9980	7.96	3.3	0.352	6.109	0.046	
81A-1678	2021-10-19 03:05:44	355	3	02:00	2.240000	0.9990	2.090	0.9988	8.65	3.4	0.418	9.769	0.095	
81A-1678	2021-10-19 03:09:13	356	4	02:00	3.730000	0.9994	3.230	0.9987	8.35	3.3	0.358	12.185	0.039	
81A-1678	2021-10-19 03:58:43	357	1	02:00	7.940000	0.9998	7.470	0.9997	8.26	2.5	0.433	69.987	0.04	
81A-1678	2021-10-19 04:02:12	358	2	02:00	4.080000	0.9994	3.120	0.9976	7.79	3.3	0.352	5.931	0.043	
81A-1678	2021-10-19 04:05:43	359	3	02:00	2.230000	0.9992	2.030	0.9989	8.53	3.4	0.418	9.585	0.09	
81A-1678	2021-10-19 04:09:12	360	4	02:00	3.610000	0.9994	3.180	0.9990	8.31	3.3	0.358	11.987	0.039	
81A-1678	2021-10-19 04:58:43	361	1	02:00	8.170000	0.9998	6.960	0.9988	8.2	2.5	0.432	69.858	0.04	
81A-1678	2021-10-19 05:02:15	362	2	02:00	4.200000	0.9994	3.170	0.9971	6.79	3.3	0.351	5.775	0.041	
81A-1678	2021-10-19 05:05:46	363	3	02:00	2.170000	0.9984	2.010	0.9982	8.08	3.4	0.418	9.412	0.087	
81A-1678	2021-10-19 05:09:15	364	4	02:00	3.700000	0.9993	3.110	0.9986	7.8	3.3	0.358	11.81	0.039	
81A-1678	2021-10-19 05:58:43	365	1	02:00	7.880000	0.9998	6.700	0.9988	7.82	2.5	0.433	69.876	0.04	
81A-1678	2021-10-19 06:02:15	366	2	02:00	4.160000	0.9995	3.220	0.9977	5.5	3.3	0.351	5.593	0.04	
81A-1678	2021-10-19 06:05:47	367	3	02:00	2.050000	0.9991	1.980	0.9991	7.97	3.4	0.416	9.201	0.083	
81A-1678	2021-10-19 06:09:16	368	4	02:00	3.200000	0.9995	2.970	0.9994	7.92	3.3	0.357	11.609	0.039	
81A-1678	2021-10-19 06:58:43	369	1	02:00	7.950000	0.9998	6.750	0.9988	8.71	2.5	0.431	69.868	0.04	
81A-1678	2021-10-19 07:02:15	370	2	02:00	3.780000	0.9995	3.110	0.9986	6.91	3.3	0.351	5.589	0.045	
81A-1678	2021-10-19 07:05:49	371	3	02:00	1.930000	0.9986	1.920	0.9986	8.81	3.4	0.418	9.229	0.091	
81A-1678	2021-10-19 07:09:18	372	4	02:00	3.660000	0.9996	3.010	0.9987	8.59	3.3	0.356	11.613	0.039	
81A-1678	2021-10-19 07:58:43	373	1	02:00	7.960000	0.9998	6.690	0.9986	8.06	2.5	0.432	69.858	0.04	
81A-1678	2021-10-19 08:02:15	374	2	02:00	4.620000	0.9995	3.330	0.9967	5.58	3.3	0.35	5.474	0.041	
81A-1678	2021-10-19 08:05:46	375	3	02:00	2.110000	0.9993	1.990	0.9992	8.14	3.4	0.417	9.139	0.084	
81A-1678	2021-10-19 08:09:15	376	4	02:00	3.620000	0.9993	3.000	0.9982	7.81	3.3	0.357	11.502	0.039	
81A-1678	2021-10-19 08:58:43	377	1	02:00	7.950000	0.9999	6.700	0.9988	8.97	2.5	0.433	69.934	0.041	
81A-1678	2021-10-19 09:02:15	378	2	02:00	3.910000	0.9995	3.200	0.9986	6.46	3.3	0.35	5.437	0.045	
81A-1678	2021-10-19 09:05:44	379	3	02:00	1.970000	0.9991	1.940	0.9991	9.24	3.4	0.416	9.156	0.091	
81A-1678	2021-10-19 09:09:13	380	4	02:00	3.160000	0.9994	2.820	0.9991	9.35	3.3	0.356	11.477	0.039	
81A-1678	2021-10-19 09:58:43	381	1	02:00	8.590000	0.9998	6.580	0.9973	11.34	2.5	0.432	69.963	0.041	
81A-1678	2021-10-19 10:02:15	382	2	02:00	3.570000	0.9997	2.990	0.9986	8.6	3.3	0.35	5.67	0.067	
81A-1678	2021-10-19 10:05:45	383	3	02:00	1.960000	0.9993	1.950	0.9993	11.61	3.4	0.418	9.515	0.119	
81A-1678	2021-10-19 10:09:14	384	4	02:00	2.890000	0.9992	2.710	0.9991	11.81	3.3	0.356	11.748	0.039	
81A-1678	2021-10-19 10:58:43	385	1	02:00	7.790000	0.9998	6.230	0.9980	13.61	2.5	0.432	70.015	0.06	
81A-1678	2021-10-19 11:02:15	386	2	02:00	3.520000	0.9996	2.940	0.9986	10.28	3.265	0.35	6.087	0.096	
81A-1678	2021-10-19 11:05:45	387	3	02:00	2.040000	0.9988	1.920	0.9987	14.02	3.4	0.424	10.048	0.155	
81A-1678	2021-10-19 11:09:14	388	4	02:00	2.780000	0.9996	2.590	0.9994	14.24	3.2	0.356	12.226	0.039	
81A-1678	2021-10-19 11:58:43	389	1	02:00	7.520000	0.9997	6.220	0.9981	15.82	2.5	0.431	69.966	0.081	
81A-1678	2021-10-19 12:02:15	390	2	02:00	3.670000	0.9994	3.030	0.9982	10.53	3.2	0.349	6.56	0.131	
81A-1678	2021-10-19 12:05:45	391	3	02:00	1.990000	0.9990	1.970	0.9990	15.59	3.3	0.427	10.591	0.195	
81A-1678	2021-10-19 12:09:14	392	4	02:00	2.810000	0.9996	2.690	0.9996	16.09	3.2	0.356	12.722	0.038	
81A-1678	2021-10-19 12:58:43	393	1	02:00	7.870000	0.9997	6.340	0.9982	17.16	2.5	0.431	70.098	0.099	
81A-1678	2021-10-19 13:02:15	394	2	02:00	4.070000	0.9996	3.140	0.9976	11.84	3.2	0.349	7.024	0.16	
81A-1678	2021-10-19 13:05:46	395	3	02:00	2.030000	0.9991	1.920	0.9990	16.92	3.3	0.427	11.191	0.225	
81A-1678	2021-10-19 13:09:15	396	4	02:00	3.350000	0.9993	2.780	0.9985	17.3	3.2	0.356	13.331	0.037	
81A-1678	2021-10-19 13:58:43	397	1	02:00	6.260000	0.9997	5.700	0.9994	18.41	2.5	0.431	70.113	0.118	
81A-1678	2021-10-19 14:02:12	398	2	02:00	3.700000	0.9993	2.960	0.9974	17.24	3.2	0.349	7.469	0.194	
81A-1678	2021-10-19 14:05:43	399	3	02:00	1.960000	0.9992	1.920	0.9991	18.31	3.3	0.427	11.681	0.258	
81A-1678	2021-10-19 14:09:12	400	4	02:00	2.720000	0.9992	2.710	0.9992	18.68	3.2	0.355	13.83	0.036	
81A-1678	2021-10-19 14:58:43	401	1	02:00	5.860000	0.9997	5.440	0.9995	18.72	2.5	0.43	70.19	0.128	
81A-1678	2021-10-19 15:02:12	402	2	02:00	4.070000	0.9994	3.140	0.9972	17.82	3.2	0.349	7.836	0.211	
81A-1678	2021-10-19 15:05:43	403	3	02:00	2.110000	0.9991	1.950	0.9989	18.85	3.3	0.426	12.131	0.273	
81A-1678	2021-10-19 15:09:12	404	4	02:00	2.980000	0.9996	2.760	0.9994	19.25	3.2	0.354	14.198	0.036	
81A-1678	2021-10-19 15:58:43	405	1	02:00	5.650000	0.9999	5.330	0.9997	18.26	2.5	0.428	70.195	0.124	
81A-1678	2021-10-19 16:02:12	406	2	02:00	3.530000	0.9995	3.050	0.9986	17.49	3.2	0.348	8.135	0.205	
81A-1678	2021-10-19 16:05:40	407	3	02:00	1.990000	0.9989	1.990	0.9989	18.27	3.3	0.426	12.5	0.269	
81A-1678	2021-10-19 16:09:12	408	4	02:00	2.870000	0.9995	2.670	0.9993	18.56	3.2	0.352	14.56	0.035	
81A-1678	2021-10-19 16:58:43	409	1	02:00	8.150000	0.9998	6.310	0.9978	18.1	2.465	0.427	70.39	0.12	
81A-1678	2021-10-19 17:02:15	410	2	02:00	4.250000	0.9993	3.310	0.9979	16.23	3.2	0.35	8.312	0.195	
81A-1678	2021-10-19 17:05:44	411	3	02:00	2.040000	0.9993	2.010	0.9993	17.83	3.3	0.427	12.658	0.263	
81A-1678	2021-10-19 17:09:13	412	4	02:00	2.710000	0.9993	2.660	0.9993	17.73	3.2	0.352	14.751	0.035	
81A-1678	2021-10-19 17:58:43	413	1	02:00	8.090000	0.9998	6.540	0.9981	16.99	2.5	0.426	70.387	0.106	
81A-1678	2021-10-19 18:02:15	414	2	02:00	4.370000	0.9995	3.180	0.9971	16.26	3.2	0.351	8.356	0.171	
81A-1678	2021-10-19 18:05:46	415	3	02:00	2.220000	0.9989	2.030	0.9987	16.84	3.3	0.426	12.692	0.239	
81A-1678	2021-10-19 18:09:15	416	4	02:00	3.470000	0.9994	3.000	0.9989	16.77	3.2	0.351	14.841	0.035	
81A-1678	2021-10-19 18:58:43	417	1	02:00	8.980000	0.9997	6.920	0.9974	15.36	2.5	0.425	70.377	0.086	
81A-1678	2021-10-19 19:02:15	418	2	02:00	5.030000	0.9991	3.450	0.9957	14.82	3.2	0.35	8.271	0.14	
81A-1678	2021-10-19 19:05:46	419	3	02:00	2.070000	0.9991	2.010	0.9991	15.21	3.3	0.423	12.516	0.202	
81A-1678	2021-10-19 19:09:15	420	4	02:00	3.720000	0.9991	3.190	0.9987	15.14	3.2	0.35	14.773	0.035	
81A-1678	2021-10-19 19:58:43	421	1	02:00	9.110000	0.9997	7.010	0.9973	14.11	2.5	0.424	70.279	0.07	
81A-1678	2021-10-19 20:02:15	422	2	02:00	4.620000	0.9994	3.420	0.9970	13.62	3.2	0.35	8.107	0.117	
81A-1678	2021-10-19 20:05:46	423	3	02:00	2.060000	0.9990	1.980	0.9990	13.97	3.3	0.422	12.262	0.175	
81A-1678	2021-10-19 20:09:15	424	4	02:00	3.780000	0.9991	3.170	0.9983	13.71	3.2	0.349	14.577	0.035	
81A-1678	2021-10-19 20:58:43	425	1	02:00	8.650000	0.9998	6.960	0.9980	13.44	2.5	0.422	70.195	0.063	
81A-1678	2021-10-19 21:02:15	426	2	02:00	4.660000	0.9995	3.440	0.9971	12.7	3.2	0.347	7.921	0.104	
81A-1678	2021-10-19 21:05:46	427	3	02:00	2.090000	0.9986	2.040	0.9986	13.46	3.3	0.422	11.98	0.158	
81A-1678	2021-10-19 21:09:15	428	4	02:00	3.780000	0.9993	3.200	0.9986	13.34	3.2	0.349	14.337	0.036	
81A-1678	2021-10-19 21:58:43	429	1	02:00	8.210000	0.9998	6.810	0.9985	12.9	2.5	0.422	70.123	0.058	
81A-1678	2021-10-19 22:02:15	430	2	02:00	4.540000	0.9996	3.330	0.9968	12.42	3.2	0.345	7.774	0.094	
81A-1678	2021-10-19 22:05:46	431	3	02:00	2.020000	0.9991	2.020	0.9991	12.91	3.3	0.421	11.798	0.149	
81A-1678	2021-10-19 22:09:18	432	4	02:00	3.920000	0.9992	3.270	0.9981	12.82	3.2	0.349	14.148	0.037	
81A-1678	2021-10-19 22:58:43	433	1	02:00	8.530000	0.9997	6.890	0.9980	12.67	2.5	0.421	70.134	0.055	
81A-1678	2021-10-19 23:02:15	434	2	02:00	4.210000	0.9996	3.310	0.9983	12.35	3.2	0.346	7.632	0.09	
81A-1678	2021-10-19 23:05:44	435	3	02:00	2.180000	0.9989	2.040	0.9988	12.59	3.3	0.42	11.622	0.142	
81A-1678	2021-10-19 23:09:13	436	4	02:00	3.700000	0.9995	3.220	0.9990	12.5	3.2	0.349	13.963	0.037	
81A-1678	2021-10-19 23:58:43	437	1	02:00	8.540000	0.9996	6.880	0.9979	12.14	2.5	0.421	70.111	0.05	
81A-1678	2021-10-20 00:02:15	438	2	02:00	4.220000	0.9996	3.330	0.9984	11.89	3.231	0.345	7.457	0.083	
81A-1678	2021-10-20 00:05:44	439	3	02:00	2.200000	0.9992	2.030	0.9990	12.14	3.362	0.417	11.406	0.131	
81A-1678	2021-10-20 00:09:13	440	4	02:00	3.880000	0.9995	3.240	0.9987	11.97	3.2	0.349	13.764	0.037	
81A-1678	2021-10-20 00:58:43	441	1	02:00	8.660000	0.9997	6.910	0.9977	12	2.5	0.419	70.096	0.047	
81A-1678	2021-10-20 01:02:15	442	2	02:00	3.910000	0.9994	3.220	0.9982	11.26	3.247	0.34	7.328	0.08	
81A-1678	2021-10-20 01:05:44	443	3	02:00	2.170000	0.9988	2.020	0.9987	11.99	3.4	0.418	11.242	0.13	
81A-1678	2021-10-20 01:09:13	444	4	02:00	3.850000	0.9993	3.240	0.9987	11.84	3.2	0.348	13.614	0.038	
81A-1678	2021-10-20 01:58:43	445	1	02:00	8.360000	0.9997	6.800	0.9981	12.23	2.5	0.419	70.077	0.046	
81A-1678	2021-10-20 02:02:15	446	2	02:00	4.000000	0.9995	3.210	0.9985	10.64	3.3	0.339	7.275	0.081	
81A-1678	2021-10-20 02:05:45	447	3	02:00	2.230000	0.9990	2.060	0.9988	12.37	3.365	0.419	11.208	0.133	
81A-1678	2021-10-20 02:09:14	448	4	02:00	3.770000	0.9994	3.150	0.9985	12.36	3.2	0.348	13.543	0.037	
81A-1678	2021-10-20 02:58:43	449	1	02:00	7.940000	0.9998	6.790	0.9987	13.21	2.5	0.419	70.168	0.056	
81A-1678	2021-10-20 03:02:15	450	2	02:00	3.880000	0.9996	3.120	0.9986	12.67	3.205	0.339	7.318	0.092	
81A-1678	2021-10-20 03:05:44	451	3	02:00	2.020000	0.9991	2.020	0.9991	13.06	3.365	0.418	11.273	0.144	
81A-1678	2021-10-20 03:09:16	452	4	02:00	3.500000	0.9992	3.100	0.9989	12.89	3.2	0.348	13.587	0.038	
81A-1678	2021-10-20 03:58:43	453	1	02:00	8.200000	0.9998	6.760	0.9982	13.35	2.5	0.419	70.188	0.058	
81A-1678	2021-10-20 04:02:15	454	2	02:00	4.000000	0.9996	3.130	0.9984	12.52	3.236	0.338	7.381	0.098	
81A-1678	2021-10-20 04:05:44	455	3	02:00	2.050000	0.9989	2.040	0.9989	13.63	3.307	0.418	11.381	0.152	
81A-1678	2021-10-20 04:09:13	456	4	02:00	3.230000	0.9995	2.970	0.9993	13.77	3.2	0.348	13.672	0.038	
81A-1678	2021-10-20 04:58:43	457	1	02:00	8.290000	0.9996	6.590	0.9978	13.54	2.5	0.418	70.128	0.06	
81A-1678	2021-10-20 05:02:15	458	2	02:00	4.000000	0.9995	3.080	0.9981	12.41	3.2	0.338	7.381	0.099	
81A-1678	2021-10-20 05:05:44	459	3	02:00	2.040000	0.9991	2.010	0.9991	13.51	3.3	0.417	11.421	0.153	
81A-1678	2021-10-20 05:09:13	460	4	02:00	3.370000	0.9993	2.920	0.9988	13.49	3.2	0.348	13.687	0.037	
81A-1678	2021-10-20 05:58:43	461	1	02:00	8.020000	0.9998	6.650	0.9987	13.26	2.5	0.418	70.132	0.058	
81A-1678	2021-10-20 06:02:15	462	2	02:00	3.850000	0.9997	3.190	0.9986	12.57	3.202	0.338	7.373	0.092	
81A-1678	2021-10-20 06:05:46	463	3	02:00	2.080000	0.9991	1.980	0.9990	13.34	3.3	0.417	11.412	0.15	
81A-1678	2021-10-20 06:09:15	464	4	02:00	3.000000	0.9992	2.800	0.9991	13.34	3.2	0.347	13.709	0.037	
81A-1678	2021-10-20 06:58:43	465	1	02:00	8.070000	0.9997	6.630	0.9983	13.54	2.5	0.418	70.078	0.059	
81A-1678	2021-10-20 07:02:15	466	2	02:00	3.770000	0.9993	3.130	0.9981	13.03	3.2	0.337	7.346	0.097	
81A-1678	2021-10-20 07:05:43	467	3	02:00	2.050000	0.9991	1.950	0.9991	13.51	3.3	0.417	11.421	0.152	
81A-1678	2021-10-20 07:09:12	468	4	02:00	2.870000	0.9994	2.870	0.9994	13.45	3.2	0.347	13.689	0.037	
81A-1678	2021-10-20 07:58:43	469	1	02:00	7.670000	0.9998	6.450	0.9985	13.32	2.5	0.417	70.149	0.059	
81A-1678	2021-10-20 08:02:15	470	2	02:00	3.680000	0.9996	3.120	0.9990	12.7	3.2	0.336	7.308	0.095	
81A-1678	2021-10-20 08:05:44	471	3	02:00	2.100000	0.9991	1.970	0.9990	13.41	3.3	0.416	11.378	0.15	
81A-1678	2021-10-20 08:09:13	472	4	02:00	3.100000	0.9996	2.860	0.9994	13.34	3.2	0.347	13.664	0.037	
81A-1678	2021-10-20 08:58:43	473	1	02:00	7.630000	0.9997	6.370	0.9985	13.73	2.5	0.418	70.156	0.06	
81A-1678	2021-10-20 09:02:15	474	2	02:00	3.810000	0.9996	3.130	0.9985	13.43	3.2	0.336	7.302	0.1	
81A-1678	2021-10-20 09:05:45	475	3	02:00	1.960000	0.9992	1.960	0.9992	14	3.3	0.415	11.4	0.154	
81A-1678	2021-10-20 09:09:17	476	4	02:00	2.800000	0.9996	2.800	0.9996	14.07	3.2	0.347	13.674	0.037	
81A-1678	2021-10-20 09:58:43	477	1	02:00	7.450000	0.9998	6.200	0.9985	15.1	2.5	0.419	70.215	0.072	
81A-1678	2021-10-20 10:02:15	478	2	02:00	3.930000	0.9997	3.170	0.9983	14.14	3.2	0.335	7.467	0.12	
81A-1678	2021-10-20 10:05:46	479	3	02:00	1.990000	0.9986	1.990	0.9986	15.43	3.3	0.42	11.616	0.173	
81A-1678	2021-10-20 10:09:18	480	4	02:00	3.120000	0.9995	2.820	0.9992	15.64	3.2	0.347	13.845	0.037	
81A-1678	2021-10-20 10:58:43	481	1	02:00	7.250000	0.9998	6.240	0.9989	17.37	2.5	0.417	70.221	0.092	
81A-1678	2021-10-20 11:02:15	482	2	02:00	3.880000	0.9996	3.120	0.9986	17.03	3.2	0.336	7.795	0.154	
81A-1678	2021-10-20 11:05:44	483	3	02:00	2.070000	0.9988	2.030	0.9988	17.18	3.3	0.421	12.039	0.213	
81A-1678	2021-10-20 11:09:13	484	4	02:00	2.960000	0.9993	2.770	0.9991	17.57	3.2	0.347	14.2	0.037	
81A-1678	2021-10-20 11:58:43	485	1	02:00	7.270000	0.9998	5.910	0.9983	19.27	2.5	0.418	70.257	0.119	
81A-1678	2021-10-20 12:02:15	486	2	02:00	3.860000	0.9996	3.070	0.9984	17.4	3.2	0.334	8.206	0.196	
81A-1678	2021-10-20 12:05:44	487	3	02:00	1.970000	0.9989	1.970	0.9989	19.08	3.3	0.421	12.545	0.255	
81A-1678	2021-10-20 12:09:16	488	4	02:00	3.290000	0.9994	2.940	0.9991	19.36	3.2	0.346	14.653	0.036	
81A-1678	2021-10-20 12:58:43	489	1	02:00	6.780000	0.9999	5.880	0.9992	20.09	2.5	0.417	70.4	0.137	
81A-1678	2021-10-20 13:02:15	490	2	02:00	4.210000	0.9995	3.270	0.9977	19.66	3.2	0.334	8.622	0.226	
81A-1678	2021-10-20 13:05:46	491	3	02:00	2.190000	0.9995	2.020	0.9993	19.99	3.3	0.42	13.037	0.278	
81A-1678	2021-10-20 13:09:15	492	4	02:00	3.050000	0.9997	2.890	0.9996	20.18	3.2	0.346	15.162	0.035	
81A-1678	2021-10-20 13:58:43	493	1	02:00	5.890000	0.9998	5.450	0.9996	20.75	2.5	0.416	70.397	0.149	
81A-1678	2021-10-20 14:02:12	494	2	02:00	4.030000	0.9996	3.420	0.9986	11.97	3.2	0.333	9.042	0.253	
81A-1678	2021-10-20 14:05:40	495	3	02:00	2.090000	0.9993	2.020	0.9992	20.85	3.3	0.42	13.516	0.295	
81A-1678	2021-10-20 14:09:09	496	4	02:00	3.050000	0.9995	2.840	0.9993	21.13	3.2	0.345	15.669	0.035	
81A-1678	2021-10-20 14:58:42	497	1	02:00	7.460000	0.9998	6.170	0.9983	20.9	2.465	0.415	70.443	0.15	
81A-1678	2021-10-20 15:02:14	498	2	02:00	4.060000	0.9994	3.410	0.9984	12.53	3.2	0.332	9.373	0.258	
81A-1678	2021-10-20 15:05:42	499	3	02:00	2.060000	0.9995	2.030	0.9994	21	3.3	0.419	13.904	0.304	
81A-1678	2021-10-20 15:09:11	500	4	02:00	3.010000	0.9996	2.840	0.9995	21.21	3.185	0.344	15.95	0.034	
81A-1678	2021-10-20 15:58:43	501	1	02:00	7.200000	0.9998	6.100	0.9988	20.54	2.471	0.415	70.486	0.151	
81A-1678	2021-10-20 16:02:15	502	2	02:00	4.420000	0.9994	3.330	0.9979	19.41	3.2	0.33	9.567	0.253	
81A-1678	2021-10-20 16:05:44	503	3	02:00	2.390000	0.9992	2.120	0.9989	20.35	3.3	0.42	14.138	0.296	
81A-1678	2021-10-20 16:09:13	504	4	02:00	3.300000	0.9995	3.040	0.9994	20.35	3.2	0.343	16.188	0.033	
81A-1678	2021-10-20 16:58:43	505	1	02:00	7.300000	0.9998	6.200	0.9987	19.79	2.489	0.413	70.457	0.14	
81A-1678	2021-10-20 17:02:15	506	2	02:00	4.670000	0.9992	3.390	0.9974	18.78	3.2	0.332	9.65	0.23	
81A-1678	2021-10-20 17:05:44	507	3	02:00	2.180000	0.9992	2.160	0.9992	19.56	3.3	0.419	14.187	0.271	
81A-1678	2021-10-20 17:09:13	508	4	02:00	3.450000	0.9994	3.040	0.9991	19.61	3.2	0.342	16.263	0.033	
81A-1678	2021-10-20 17:58:43	509	1	02:00	8.470000	0.9998	6.870	0.9981	18.63	2.5	0.412	70.474	0.122	
81A-1678	2021-10-20 18:02:15	510	2	02:00	4.960000	0.9998	3.420	0.9972	17.69	3.2	0.328	9.632	0.2	
81A-1678	2021-10-20 18:05:43	511	3	02:00	2.470000	0.9995	2.210	0.9992	18.41	3.3	0.417	14.11	0.243	
81A-1678	2021-10-20 18:09:12	512	4	02:00	3.910000	0.9992	3.230	0.9980	18.31	3.2	0.341	16.259	0.033	
81A-1678	2021-10-20 18:58:43	513	1	02:00	8.590000	0.9996	6.960	0.9979	16.92	2.5	0.411	70.514	0.099	
81A-1678	2021-10-20 19:02:15	514	2	02:00	4.780000	0.9995	3.590	0.9979	15.65	3.2	0.326	9.48	0.163	
81A-1678	2021-10-20 19:05:44	515	3	02:00	2.400000	0.9989	2.200	0.9987	16.68	3.3	0.416	13.863	0.206	
81A-1678	2021-10-20 19:09:13	516	4	02:00	3.640000	0.9995	3.280	0.9992	16.56	3.2	0.34	16.108	0.034	
81A-1678	2021-10-20 19:58:43	517	1	02:00	8.820000	0.9998	7.360	0.9986	15.44	2.5	0.408	70.379	0.079	
81A-1678	2021-10-20 20:02:15	518	2	02:00	4.910000	0.9996	3.650	0.9978	14.01	3.2	0.326	9.217	0.129	
81A-1678	2021-10-20 20:05:44	519	3	02:00	2.240000	0.9991	2.190	0.9990	15.35	3.3	0.417	13.497	0.179	
81A-1678	2021-10-20 20:09:13	520	4	02:00	4.320000	0.9992	3.510	0.9979	15.3	3.2	0.34	15.784	0.035	
81A-1678	2021-10-20 20:58:43	521	1	02:00	8.820000	0.9998	7.260	0.9983	14.5	2.5	0.408	70.333	0.07	
81A-1678	2021-10-20 21:02:15	522	2	02:00	4.480000	0.9995	3.530	0.9983	10.8	3.2	0.329	8.952	0.115	
81A-1678	2021-10-20 21:05:44	523	3	02:00	2.320000	0.9995	2.170	0.9994	14.51	3.3	0.416	13.166	0.161	
81A-1678	2021-10-20 21:09:13	524	4	02:00	4.220000	0.9996	3.400	0.9985	14.34	3.2	0.341	15.485	0.036	
81A-1678	2021-10-20 21:58:43	525	1	02:00	8.670000	0.9998	7.340	0.9987	13.94	2.5	0.408	70.324	0.063	
81A-1678	2021-10-20 22:02:15	526	2	02:00	4.860000	0.9993	3.570	0.9968	12.56	3.2	0.328	8.705	0.104	
81A-1678	2021-10-20 22:05:46	527	3	02:00	2.300000	0.9994	2.150	0.9993	13.93	3.3	0.415	12.867	0.149	
81A-1678	2021-10-20 22:09:15	528	4	02:00	4.330000	0.9996	3.460	0.9984	13.81	3.2	0.34	15.203	0.036	
81A-1678	2021-10-20 22:58:43	529	1	02:00	8.420000	0.9998	7.070	0.9986	13.52	2.5	0.407	70.257	0.06	
81A-1678	2021-10-20 23:02:15	530	2	02:00	4.960000	0.9996	3.590	0.9967	12.68	3.2	0.328	8.515	0.099	
81A-1678	2021-10-20 23:05:46	531	3	02:00	2.180000	0.9994	2.140	0.9994	13.49	3.3	0.413	12.641	0.14	
81A-1678	2021-10-20 23:09:15	532	4	02:00	4.200000	0.9995	3.420	0.9986	13.33	3.2	0.34	14.983	0.036	
81A-1678	2021-10-20 23:58:43	533	1	02:00	8.840000	0.9999	7.280	0.9984	13.07	2.5	0.405	70.265	0.054	
81A-1678	2021-10-21 00:02:15	534	2	02:00	4.580000	0.9996	3.540	0.9976	12.56	3.315	0.327	8.333	0.09	
81A-1678	2021-10-21 00:05:46	535	3	02:00	2.140000	0.9992	2.140	0.9992	12.87	3.362	0.412	12.391	0.133	
81A-1678	2021-10-21 00:09:18	536	4	02:00	4.080000	0.9996	3.380	0.9987	12.72	3.2	0.338	14.74	0.036	
81A-1678	2021-10-21 00:58:43	537	1	02:00	8.310000	0.9999	7.230	0.9990	12.71	2.5	0.404	70.213	0.047	
81A-1678	2021-10-21 01:02:15	538	2	02:00	4.470000	0.9994	3.470	0.9977	12.4	3.3	0.327	8.141	0.083	
81A-1678	2021-10-21 01:05:46	539	3	02:00	2.130000	0.9994	2.130	0.9994	12.68	3.365	0.413	12.176	0.128	
81A-1678	2021-10-21 01:09:18	540	4	02:00	4.070000	0.9995	3.300	0.9986	12.49	3.2	0.338	14.524	0.037	
81A-1678	2021-10-21 01:58:43	541	1	02:00	8.280000	0.9998	7.020	0.9987	12.43	2.5	0.405	70.257	0.048	
81A-1678	2021-10-21 02:02:15	542	2	02:00	4.240000	0.9997	3.440	0.9985	11.75	3.3	0.326	7.988	0.08	
81A-1678	2021-10-21 02:05:46	543	3	02:00	2.110000	0.9992	2.060	0.9992	12.3	3.4	0.412	11.977	0.123	
81A-1678	2021-10-21 02:09:15	544	4	02:00	3.800000	0.9995	3.320	0.9990	12.02	3.2	0.338	14.315	0.037	
81A-1678	2021-10-21 02:58:43	545	1	02:00	8.130000	0.9998	6.850	0.9987	12.01	2.5	0.404	70.164	0.045	
81A-1678	2021-10-21 03:02:15	546	2	02:00	4.520000	0.9993	3.490	0.9976	11.76	3.3	0.325	7.815	0.075	
81A-1678	2021-10-21 03:05:46	547	3	02:00	2.230000	0.9994	2.070	0.9992	12.02	3.4	0.411	11.767	0.118	
81A-1678	2021-10-21 03:09:15	548	4	02:00	3.820000	0.9996	3.280	0.9988	11.68	3.2	0.338	14.11	0.037	
81A-1678	2021-10-21 03:58:43	549	1	02:00	8.600000	0.9997	6.940	0.9981	11.67	2.5	0.403	70.178	0.043	
81A-1678	2021-10-21 04:02:15	550	2	02:00	4.750000	0.9993	3.430	0.9967	11.25	3.3	0.328	7.654	0.071	
81A-1678	2021-10-21 04:05:46	551	3	02:00	2.080000	0.9993	2.080	0.9993	11.7	3.4	0.41	11.6	0.112	
81A-1678	2021-10-21 04:09:18	552	4	02:00	4.160000	0.9995	3.220	0.9977	11.58	3.2	0.338	13.937	0.037	
81A-1678	2021-10-21 04:58:43	553	1	02:00	8.030000	0.9998	6.810	0.9989	11.25	2.5	0.402	70.064	0.039	
81A-1678	2021-10-21 05:02:15	554	2	02:00	4.240000	0.9995	3.220	0.9973	10.5	3.3	0.328	7.505	0.066	
81A-1678	2021-10-21 05:05:46	555	3	02:00	2.020000	0.9991	2.020	0.9991	11.17	3.4	0.409	11.407	0.106	
81A-1678	2021-10-21 05:09:18	556	4	02:00	3.920000	0.9996	3.260	0.9988	11.06	3.256	0.337	13.756	0.038	
81A-1678	2021-10-21 05:58:43	557	1	02:00	8.650000	0.9995	6.850	0.9976	10.76	2.5	0.401	70.09	0.039	
81A-1678	2021-10-21 06:02:15	558	2	02:00	4.090000	0.9995	3.320	0.9981	10.66	3.3	0.326	7.331	0.06	
81A-1678	2021-10-21 06:05:46	559	3	02:00	2.030000	0.9990	1.990	0.9990	10.71	3.4	0.41	11.221	0.102	
81A-1678	2021-10-21 06:09:15	560	4	02:00	3.810000	0.9994	3.170	0.9986	10.57	3.218	0.337	13.562	0.038	
81A-1678	2021-10-21 06:58:43	561	1	02:00	7.850000	0.9998	6.560	0.9985	10.46	2.5	0.401	70.095	0.038	
81A-1678	2021-10-21 07:02:15	562	2	02:00	3.760000	0.9996	3.210	0.9986	10.43	3.3	0.324	7.151	0.055	
81A-1678	2021-10-21 07:05:43	563	3	02:00	1.970000	0.9994	1.970	0.9994	10.59	3.4	0.408	10.997	0.096	
81A-1678	2021-10-21 07:09:15	564	4	02:00	3.340000	0.9996	3.000	0.9992	10.38	3.3	0.337	13.346	0.038	
81A-1678	2021-10-21 07:58:43	565	1	02:00	8.260000	0.9997	6.700	0.9981	10.38	2.496	0.401	70.034	0.039	
81A-1678	2021-10-21 08:02:15	566	2	02:00	4.510000	0.9995	3.340	0.9974	9.89	3.3	0.323	6.947	0.053	
81A-1678	2021-10-21 08:05:46	567	3	02:00	2.040000	0.9993	2.000	0.9993	10.37	3.4	0.408	10.779	0.091	
81A-1678	2021-10-21 08:09:15	568	4	02:00	3.760000	0.9997	3.160	0.9989	10.16	3.3	0.336	13.13	0.038	
81A-1678	2021-10-21 08:58:43	569	1	02:00	8.350000	0.9997	6.810	0.9981	10.71	2.5	0.4	70.058	0.039	
81A-1678	2021-10-21 09:02:15	570	2	02:00	4.660000	0.9993	3.330	0.9963	10.77	3.3	0.323	6.874	0.057	
81A-1678	2021-10-21 09:05:46	571	3	02:00	2.040000	0.9991	1.990	0.9991	11.04	3.4	0.408	10.747	0.097	
81A-1678	2021-10-21 09:09:15	572	4	02:00	3.540000	0.9996	3.090	0.9992	10.99	3.3	0.336	13.071	0.038	
81A-1678	2021-10-21 09:58:43	573	1	02:00	9.430000	0.9997	7.020	0.9968	12.92	2.5	0.4	70.056	0.042	
81A-1678	2021-10-21 10:02:15	574	2	02:00	4.990000	0.9994	3.400	0.9967	12.54	3.3	0.322	7.037	0.075	
81A-1678	2021-10-21 10:05:43	575	3	02:00	2.120000	0.9993	2.020	0.9992	13.25	3.4	0.41	11.03	0.123	
81A-1678	2021-10-21 10:09:12	576	4	02:00	3.270000	0.9995	2.890	0.9991	13.31	3.207	0.336	13.289	0.038	
81A-1678	2021-10-21 10:58:43	577	1	02:00	8.590000	0.9999	6.750	0.9977	15.33	2.535	0.402	70.068	0.065	
81A-1678	2021-10-21 11:02:15	578	2	02:00	4.260000	0.9996	3.310	0.9976	14.91	3.3	0.32	7.458	0.107	
81A-1678	2021-10-21 11:05:46	579	3	02:00	2.380000	0.9994	2.050	0.9990	15.61	3.316	0.416	11.603	0.161	
81A-1678	2021-10-21 11:09:15	580	4	02:00	3.930000	0.9971	3.010	0.9955	15.85	3.2	0.336	13.798	0.038	
81A-1678	2021-10-21 11:58:43	581	1	02:00	8.720000	0.9998	6.710	0.9976	17.01	2.5	0.404	70.151	0.085	
81A-1678	2021-10-21 12:02:15	582	2	02:00	4.950000	0.9995	3.410	0.9960	8.2	3.2	0.321	7.951	0.138	
