Item#	Date_IV	File Name	Obs#	Exp_Flux	Exp_Flux[2]	soilp_c_IV	soilp_m_IV	soilp_t_IV	Observation Length	Exp_R2	Exp_R2[2]	err_IV	
* 1	2022-06-24 08:46:52	4	1	6.97569	-0.759639	0.017	0.359	21.9	59	0.98701	0.763097	0	
* 2	2022-06-24 08:48:17	4	2	5.60302	-0.501857	0.017	0.361	21.5	59	0.730036	0.870363	0	
* 3	2022-06-24 08:51:08	2	1	47.313	-4.11537	0.003	0.016	20.9	59	0.998839	0.998157	0	
* 4	2022-06-24 08:52:35	2	2	12.9945	-1.08444	0.023	0.386	20.5	60	0.997533	-1.97624	0	
* 5	2022-06-24 08:55:00	3	1	29.2008	-2.85033	0.003	0.05	20.3	59	0.99821	0.994785	0	
* 6	2022-06-24 08:56:27	3	2	0	0	0.023	0.3962	20.3	60	0	0	0	
* 7	2022-06-24 08:58:55	1	1	25.8289	-2.28843	0.007	0.155	20.1	59	0.997521	0.993577	0	
* 8	2022-06-24 09:00:20	1	2	10.9645	-0.778301	0.0297273	0.435	20.1	59	0.997173	0.977691	0	
* 9	2022-06-24 09:03:01	5	1	13.5616	-2.06335	0.008	0.172	19.9	59	0.997477	0.207212	0	
* 10	2022-06-24 09:04:27	5	2	11.6449	-1.04416	0.021	0.377682	19.9	59	0.997473	0.954942	0	
* 11	2022-06-24 09:06:25	6	1	20.2626	-2.4512	0.02	0.377	19.9	59	0.998113	0.84869	0	
* 12	2022-06-24 09:07:51	6	2	10.0408	-0.659017	0.02	0.368	19.9	59	0.996662	0.594061	0	
* 13	2022-06-24 09:09:48	7	1	31.5463	-3.37148	0.021	0.389	19.9	59	0.997049	0.975793	0	
* 14	2022-06-24 09:11:14	7	2	13.1026	-0.0595736	0.02	0.391	19.7	59	0.994431	0.0697815	0	
* 15	2022-06-24 09:13:26	8	1	6.87105	-0.882111	0.022	0.387318	19.9	59	0.970481	0.206669	0	
* 16	2022-06-24 09:14:52	8	2	8.44335	-1.24055	0.022	0.387	19.9	59	0.996772	-10.837	0	
* 17	2022-06-24 09:17:42	9	1	22.9677	-1.5496	0.045	0.456	19.9	60	0.995317	0.970028	0	
* 18	2022-06-24 09:19:06	9	2	11.1905	-0.398971	0.045	0.456	19.9	59	0.996066	0.964413	0	
* 19	2022-06-24 09:20:47	10	1	17.3546	-0.53986	0.009	0.176	19.9	59	0.996149	0.855046	0	
* 20	2022-06-24 09:22:13	10	2	4.65045	-0.105401	0.047	0.456	19.9	59	0.991594	0.595624	0	
* 21	2022-06-24 09:23:59	12	1	21.018	-0.0587917	0.048	0.456	20.1	59	0.995266	0.366287	0	
* 22	2022-06-24 09:25:25	12	2	5.30964	-0.224376	0.042	0.443	20.1	59	0.995965	0.249687	0	
* 23	2022-06-24 09:27:27	11	1	0	0	0.0495	0.482545	20.1	59	0	0	0	
* 24	2022-06-24 09:28:53	11	2	3.48145	-0.039449	0.053	0.501	20.3	60	0.9895	-0.497504	0	
* 25	2022-06-24 09:32:21	13	1	30.5301	-3.86591	-0.0002	0.1174	20.1	60	0.996544	0.969438	0	
* 26	2022-06-24 09:33:47	13	2	9.10519	-0.787966	0.038	0.424	20.1	59	0.994486	0.568654	0	
* 27	2022-06-24 09:36:16	14	1	132.969	7.27754	0.008	0.159	20.1	60	0.99501	0.93667	0	
* 28	2022-06-24 09:37:42	14	2	17.1027	0.255904	0.052	0.48	20.1	59	0.999005	0.853726	0	
* 29	2022-06-24 09:39:26	15	1	78.977	-3.56955	0.0532273	0.482455	20.1	59	0.993846	0.988887	0	
* 30	2022-06-24 09:40:52	15	2	21.3407	-7.22907	0.055	0.486	20.1	59	0.994715	0.00700162	0	
* 31	2022-06-24 09:43:00	16	1	0	0	0.009	0.165	20.1	60	0	0	0	
* 32	2022-06-24 09:44:26	16	2	7.10298	-0.128274	0.058	0.495636	20.3	59	0.994562	0.620951	0	
* 33	2022-06-24 09:49:09	17	1	22.4016	3.49028	0.001	0.016	20.5	59	0.838594	0.0144356	0	
* 34	2022-06-24 09:50:35	17	2	11.4108	-0.378475	0.072	0.394	20.5	59	0.997918	0.763372	0	
* 35	2022-06-24 09:55:00	18	1	20.9006	-1.00248	0.001	0.007	20.3	59	0.99691	0.974891	0	
* 36	2022-06-24 09:56:26	18	2	9.56959	-0.392998	0.039	0.387	20.3818	59	0.997425	0.578669	0	
* 37	2022-06-24 09:59:58	19	1	7.76739	-0.916318	0.002	0.023	20.3	60	0.991288	0.801648	0	
* 38	2022-06-24 10:01:23	19	2	4.64403	-0.109261	0.04	0.383	20.3	59	0.994001	-0.620317	0	
* 39	2022-06-24 10:03:23	20	1	0	0	0.033	0.380045	20.3273	59	0	0	0	
* 40	2022-06-24 10:04:49	20	2	6.13314	-0.506573	0.083	0.438	20.1	59	0.992666	-27.6156	0	
* 41	2022-06-24 10:11:50	21	1	15.9511	-1.46927	0.01	0.147	20.1	60	0.993409	0.0568397	0	
* 42	2022-06-24 10:13:15	21	2	9.34861	3.83149	0.026	0.373	19.9	59	0.995994	0.989496	0	
* 43	2022-06-24 10:15:43	24	1	29.5825	2.40057	0.038	0.42	19.9	60	0.997458	0.980981	0	
* 44	2022-06-24 10:17:09	24	2	10.2216	-0.429754	0.038	0.42	20.1	59	0.99667	-290.685	0	
* 45	2022-06-24 10:23:20	23	1	12.6784	-0.176874	-0.007	0.158333	20.1	60	0.997521	0.692856	0	
* 46	2022-06-24 10:24:45	23	2	7.08324	-0.353378	0.077	0.449	20.1	59	0.996536	-30.6646	0	
* 47	2022-06-24 10:27:13	22	1	15.1246	0.146557	0.013	0.2	20.1	59	0.997592	-4.54293	0	
* 48	2022-06-24 10:28:39	22	2	7.77605	-0.13008	0.061	0.447	20.3	59	0.997709	0.71817	0	
* 49	2022-06-24 10:32:08	26	1	11.855	-0.115677	0.001	0.009	20.3	60	0.996474	-0.0332384	0	
* 50	2022-06-24 10:33:33	26	2	6.74298	-0.459793	0.1	0.438	20.3	60	0.994787	0.835837	0	
* 51	2022-06-24 10:35:52	28	1	26.8783	-0.196346	0.001	0	20.3	59	0.996771	-4.04615	0	
* 52	2022-06-24 10:37:18	28	2	12.5957	-0.190659	0.0937273	0.421409	20.3273	59	0.997301	0.768366	0	
* 53	2022-06-24 10:39:49	25	1	15.1271	-0.153396	0.112	0.446	20.1	60	0.9971	0.665213	0	
* 54	2022-06-24 10:41:15	25	2	8.64203	-0.131085	0.112	0.446	20.1	59	0.997688	0.717194	0	
* 55	2022-06-24 10:43:55	27	1	9.85358	0.0155978	0.071	0.415	20.1	59	0.997625	-0.88928	0	
* 56	2022-06-24 10:45:21	27	2	6.44833	-0.145858	0.0732727	0.415636	20.1	59	0.995815	0.357659	0	
* 57	2022-06-24 10:48:17	30	1	16.9084	0.0441232	0.011	0.133	20.1	59	0.996852	0.126586	0	
* 58	2022-06-24 10:49:42	30	2	5.79403	0.0178269	0.067	0.446	20.1	59	0.996156	0.0472473	0	
* 59	2022-06-24 10:51:37	31	1	10.0904	-0.192636	0.043	0.444	20.1	59	0.996377	-3.13315	0	
* 60	2022-06-24 10:53:03	31	2	3.7669	-0.0203457	0.044	0.451	20.1	60	0.959427	0.0300636	0	
* 61	2022-06-24 10:55:04	32	1	6.46361	-0.381569	0.011	0.137	20.1	60	0.99313	0.691486	0	
* 62	2022-06-24 10:56:30	32	2	6.6777	-0.140263	0.042	0.458	20.1	59	0.993724	0.157787	0	
* 63	2022-06-24 10:58:46	29	1	9.61016	0.124056	0.074	0.408	20.1	59	0.998091	-124.975	0	
* 64	2022-06-24 11:00:12	29	2	7.04027	0.0752181	0.074	0.408	19.9	60	0.996387	0.504581	0	
* 65	2022-06-24 11:09:32	36	1	13.44	-0.246785	0.037	0.425	20.1	60	0.993244	-1.96151	0	
* 66	2022-06-24 11:10:58	36	2	8.85591	-0.235833	0.04	0.445	20.1	59	0.997184	-0.0458228	0	
* 67	2022-06-24 11:14:42	34	1	25.3938	-0.484441	0.05	0.491	20.1	60	0.989772	0.792521	0	
* 68	2022-06-24 11:16:07	34	2	7.41415	-0.150857	0.05	0.491	20.1	59	0.993378	-0.436706	0	
* 69	2022-06-24 11:18:03	35	1	12.3988	-0.512769	0.05	0.487	20.1	60	0.997654	0.633158	0	
* 70	2022-06-24 11:19:28	35	2	5.46987	0.163936	0.051	0.478	20.3	59	0.992129	-69.0027	0	
* 71	2022-06-24 11:21:52	33	1	18.9062	-0.116529	0.044	0.478	20.5	60	0.994307	0.725166	0	
* 72	2022-06-24 11:23:17	33	2	6.53176	-0.0351022	0.044	0.478	20.5	59	0.991056	0.147778	0	
* 73	2022-06-24 11:27:00	37	1	22.0519	-0.225391	0.013	0.182	20.5	59	0.998869	-24.3549	0	
* 74	2022-06-24 11:28:25	37	2	9.41723	-0.159333	0.051	0.503	20.5	59	0.996408	-4.49339	0	
* 75	2022-06-24 11:31:09	39	1	6.46375	-0.217287	0.017	0.246	20.7	60	0.994555	0.647384	0	
* 76	2022-06-24 11:32:34	39	2	2.93085	-0.154339	0.054	0.503	20.7	59	0.566589	0.473469	0	
* 77	2022-06-24 11:35:22	38	1	13.954	-0.524008	0.0568	0.5102	20.9	60	0.997986	0.935307	0	
* 78	2022-06-24 11:36:47	38	2	0	0	0.046	0.485	20.9	59	0	0	0	
* 79	2022-06-24 11:39:03	40	1	16.7193	-0.309895	0.014	0.209	20.9	59	0.99844	0.636371	0	
* 80	2022-06-24 11:40:30	40	2	7.2138	-0.233016	0.048	0.493	20.9	60	0.994814	0.640734	0	
* 81	2022-06-24 11:42:54	43	1	9.79908	-0.292483	0.046	0.484	20.9	59	0.997913	0.309747	0	
* 82	2022-06-24 11:44:19	43	2	5.4814	-0.20853	0.047	0.482	20.9	59	0.995938	-1.44231	0	
* 83	2022-06-24 11:46:38	44	1	10.7588	-0.163517	0.051	0.474	20.9	59	0.988847	-0.118967	0	
* 84	2022-06-24 11:48:04	44	2	4.34644	-0.20393	0.051	0.474	21.1	59	0.901121	0.249052	0	
* 85	2022-06-24 11:53:50	42	1	8.7812	-0.386073	0.036	0.418	21.1	59	0.994311	-0.118926	0	
* 86	2022-06-24 11:55:15	42	2	5.64057	-0.353783	0.047	0.49	21.3	59	0.843837	0.906081	0	
* 87	2022-06-24 11:57:47	41	1	17.0486	-0.191145	0.056	0.495	21.3	59	0.988998	0.105362	0	
* 88	2022-06-24 11:59:13	41	2	4.80878	-0.084034	0.056	0.495	21.3	59	0.993337	0.554692	0	
* 89	2022-06-24 12:03:11	45	1	0	0	0.018	0.25	21.3	59	0	0	0	
* 90	2022-06-24 12:04:37	45	2	5.00943	-0.0951093	0.054	0.508	21.3	59	0.0285744	-3.68206	0	
* 91	2022-06-24 12:07:18	46	1	17.4706	-0.78076	0.018	0.253	21.3	60	0.996743	-1.37557	0	
* 92	2022-06-24 12:08:44	46	2	9.36005	-0.585221	0.043	0.465	21.3	59	0.995744	0.957318	0	
* 93	2022-06-24 12:10:38	48	1	0	0	0.043	0.451	21.3	60	0	0	0	
* 94	2022-06-24 12:12:03	48	2	5.58262	-1.23478	0.043	0.451	21.3	59	0.99082	0.895656	0	
* 95	2022-06-24 12:14:12	47	1	14.1091	-0.455253	0.043	0.451	21.3	59	0.998957	0.714287	0	
* 96	2022-06-24 12:15:38	47	2	6.72922	-0.288661	0.043	0.467	21.5	59	0.996916	0.743363	0	
