Item#	Date_IV	File Name	Obs#	Exp_Flux	Exp_Flux[2]	soilp_c_IV	soilp_m_IV	soilp_t_IV	Observation Length	Exp_R2	Exp_R2[2]	err_IV	
* 1	2022-06-22 07:02:11	47	1	24.2713	-1.66147	0.02	0.296	20.9	60	0.983472	0.409876	0	
* 2	2022-06-22 07:03:36	47	2	16.0758	-12.8232	0.02	0.298	20.9	60	0.994205	0.00149717	0	
* 3	2022-06-22 07:05:19	48	1	10.7818	-0.63551	0.03	0.337	20.5	60	0.981204	-4.60992	0	
* 4	2022-06-22 07:06:45	48	2	5.31135	-0.557403	0.029	0.329	20.5	60	0.968074	0.931036	0	
* 5	2022-06-22 07:08:20	46	1	17.7325	-2.17398	0.039	0.4	20.1	60	0.997729	0.976093	0	
* 6	2022-06-22 07:09:46	46	2	0	0	0.037	0.396	20.1	60	0	0	0	
* 7	2022-06-22 07:11:23	45	1	0.376709	0.780142	0	0	19.9	60	-721.391	0.141544	0	
* 8	2022-06-22 07:12:48	45	2	1.35131	0.0168529	0.044	0.456	19.9	59	0.800313	0.0370889	0	
* 9	2022-06-22 07:14:36	44	1	28.8665	-2.31423	0	0	19.9	60	0.976006	0.959169	0	
* 10	2022-06-22 07:16:01	44	2	5.47736	-0.491847	0.037	0.38	19.8636	59	0.979039	0.926462	0	
* 11	2022-06-22 07:17:35	42	1	14.5231	-1.44493	0.037	0.38	19.7	60	0.997406	0.784936	0	
* 12	2022-06-22 07:19:01	42	2	9.46776	-1.30754	0.025	0.287	19.7	60	0.996962	0.630957	0	
* 13	2022-06-22 07:20:36	41	1	22.1108	-1.58971	0.025	0.286	19.5	60	0.996624	0.936383	0	
* 14	2022-06-22 07:22:02	41	2	6.74298	-0.315037	0.0412667	0.416533	19.7	60	-0.358902	-2.46075	0	
* 15	2022-06-22 07:23:36	43	1	26.2237	-2.15774	0.042	0.42	19.7	60	0.998236	0.995074	0	
* 16	2022-06-22 07:25:02	43	2	9.52575	-0.867176	0.029	0.356333	20.3	60	0.899692	0.894875	0	
* 17	2022-06-22 07:26:37	40	1	18.9866	-1.29221	0.029	0.361	20.1	60	0.997307	0.438836	0	
* 18	2022-06-22 07:28:03	40	2	0	0	0.0296	0.3542	20.1	60	0	0	0	
* 19	2022-06-22 07:29:37	38	1	17.8959	-0.934612	0.029	0.358	19.9	59	0.996882	0.590444	0	
* 20	2022-06-22 07:31:04	38	2	9.85243	-0.755854	0.027	0.348091	19.9	60	0.997227	0.987911	0	
* 21	2022-06-22 07:32:38	39	1	7.63571	-0.386309	0.027	0.351	19.7	60	0.994504	0.640591	0	
* 22	2022-06-22 07:34:04	39	2	4.29371	-0.289242	0.029	0.306	19.7	60	0.9901	0.525765	0	
* 23	2022-06-22 07:35:37	37	1	33.7429	-0.735028	0.029	0.306	19.7	60	0.994889	-1.61153	0	
* 24	2022-06-22 07:37:03	37	2	11.2573	-0.437889	0.038	0.3668	19.9	60	0.995458	0.912449	0	
* 25	2022-06-22 07:38:46	33	1	3.03097	-0.0214838	0.036	0.361	19.9	60	0.924012	-5.50366	0	
* 26	2022-06-22 07:40:12	33	2	2.36896	-0.0422722	0.035	0.444	19.9	59	0.970046	0.230142	0	
* 27	2022-06-22 07:41:46	35	1	15.3864	-0.92457	0.037	0.441	19.9	59	0.997355	0.773769	0	
* 28	2022-06-22 07:43:11	35	2	11.3568	-0.838818	0.015	0.225	20.1	59	0.997045	0.436219	0	
* 29	2022-06-22 07:48:40	34	1	69.6763	-11.2407	0.037	0.432	19.9	59	0.934288	0.560867	0	
* 30	2022-06-22 07:50:04	34	2	12.3892	-0.887461	0.037	0.432	19.7	60	0.996416	0.98457	0	
* 31	2022-06-22 07:51:47	36	1	12.5672	-4.55859	0.037	0.432	19.7	60	0.998323	0.0692812	0	
* 32	2022-06-22 07:53:13	36	2	9.26765	-0.707227	0.031	0.428	19.7	60	0.995676	-0.045712	0	
* 33	2022-06-22 07:55:33	32	1	43.5467	-0.537361	0.002	0	19.7	60	0.999458	0.766929	0	
* 34	2022-06-22 07:56:59	32	2	28.2743	-0.369242	0.0166667	0.300333	19.7	60	0.99829	0.628856	0	
* 35	2022-06-22 07:58:48	31	1	11.43	-0.438945	0.001	0	19.7	60	0.997324	0.847297	0	
* 36	2022-06-22 08:00:13	31	2	4.46576	-0.287771	0.025	0.379	19.7	59	0.537901	0.644563	0	
* 37	2022-06-22 08:02:18	29	1	2.91762	0.0722752	0.185	0.48	19.5	59	0.989159	-34.7265	0	
* 38	2022-06-22 08:03:43	29	2	2.03701	0.106958	0.2	0.492	19.7	59	0.977132	0.416386	0	
* 39	2022-06-22 08:05:35	30	1	33.6681	-0.775512	0.013	0.045	19.9	60	0.995363	0.951469	0	
* 40	2022-06-22 08:07:00	30	2	9.15428	-0.318468	0.041	0.396	19.9	59	0.996751	-1.83515	0	
* 41	2022-06-22 08:08:53	27	1	100.477	-1.23681	0.04	0.396	19.7	60	0.998832	-0.584937	0	
* 42	2022-06-22 08:10:18	27	2	36.9646	-0.28956	0.044	0.414	19.7	59	0.998984	-7.31746	0	
* 43	2022-06-22 08:12:12	25	1	40.5888	-1.04371	0.046	0.447	19.7	59	0.999046	0.885172	0	
* 44	2022-06-22 08:13:38	25	2	11.8448	-0.571919	0.046	0.447	19.7	59	0.997446	0.873352	0	
* 45	2022-06-22 08:15:50	26	1	39.0862	1.35291	0.046	0.447	19.5	59	0.997224	0.145948	0	
* 46	2022-06-22 08:17:16	26	2	10.8984	0.125035	0.042	0.405	19.5	60	0.997552	0.579638	0	
* 47	2022-06-22 08:19:21	28	1	95.6906	-6.95829	0.054	0.424	19.5	60	0.98868	0.978102	0	
* 48	2022-06-22 08:20:47	28	2	22.9073	-1.14193	0.056	0.422	19.7	60	0.997012	0.946069	0	
* 49	2022-06-22 08:24:47	23	1	22.7393	-1.86797	0.029	0.236	19.7	60	0.995257	0.876832	0	
* 50	2022-06-22 08:26:13	23	2	9.7785	-0.735888	0.044	0.417	19.7	60	0.996233	-41.1887	0	
* 51	2022-06-22 08:28:36	24	1	25.3131	-0.323125	0.025	0.198	19.7	60	0.998807	-8.31269	0	
* 52	2022-06-22 08:30:02	24	2	10.3152	-0.356126	0.047	0.471	19.7	60	0.998089	-3.3354	0	
* 53	2022-06-22 08:32:09	21	1	74.049	-8.5037	0.027	0.285	19.7	59	0.992462	0.982165	0	
* 54	2022-06-22 08:33:35	21	2	21.02	-1.70011	0.027	0.285	19.7	59	0.992684	0.982738	0	
* 55	2022-06-22 08:35:53	22	1	37.0002	-1.49673	0.021	0.18	19.7	60	0.994999	-65.593	0	
* 56	2022-06-22 08:37:18	22	2	15.0804	-0.349411	0.07	0.465	19.7	60	0.997559	-5.29179	0	
* 57	2022-06-22 08:40:32	19	1	18.3724	-0.786264	0.193	0.447	19.9	60	0.994443	-1.22896	0	
* 58	2022-06-22 08:41:58	19	2	9.75952	-0.69035	0.1928	0.4598	19.9	60	0.997461	0.361829	0	
* 59	2022-06-22 08:44:14	20	1	31.623	1.49933	0.09	0.457	20.1	59	0.985007	0.952401	0	
* 60	2022-06-22 08:45:39	20	2	7.68697	0.830634	0.091	0.46	20.1	59	0.995177	0.984061	0	
* 61	2022-06-22 08:48:06	18	1	95.8505	-7.47588	0.089	0.459	20.3	60	0.994826	0.99458	0	
* 62	2022-06-22 08:49:31	18	2	24.6362	-1.91584	0.088	0.465	20.1	60	0.996493	0.99408	0	
* 63	2022-06-22 08:52:09	17	1	32.5963	-2.03125	0.115	0.446	20.3	59	0.990784	0.992035	0	
* 64	2022-06-22 08:53:35	17	2	12.6186	-1.18786	0.118	0.464	20.3	59	0.995672	-0.807171	0	
* 65	2022-06-22 09:02:49	16	1	17.8114	-0.690377	0.001	0.01	20.7	60	0.996819	0.632765	0	
* 66	2022-06-22 09:04:14	16	2	8.61031	-1.02749	0.057	0.485	20.5	59	0.997639	0.966525	0	
* 67	2022-06-22 09:06:45	15	1	0	0	0.001	0	20.5	60	0	0	0	
* 68	2022-06-22 09:08:10	15	2	11.1682	-0.962221	0.037	0.351	20.5	60	0.99815	0.475981	0	
* 69	2022-06-22 09:10:19	14	1	36.7337	2.14326	0.04	0.359	20.5	60	0.999519	0.995677	0	
* 70	2022-06-22 09:11:45	14	2	16.7669	0.872009	0.04	0.359	20.7	60	0.99682	0.976334	0	
* 71	2022-06-22 09:14:47	13	1	43.0835	-7.3049	0.001	0.008	20.7	60	0.996367	0.996098	0	
* 72	2022-06-22 09:16:12	13	2	12.1511	-1.44754	0.021	0.265	20.7	59	0.997279	0.676773	0	
* 73	2022-06-22 09:20:15	12	1	7.30877	-0.213718	0.025	0.296	20.9	60	0.995623	0.492906	0	
* 74	2022-06-22 09:21:40	12	2	5.84209	-0.185549	0.025	0.296	20.9	59	0.995655	0.842198	0	
* 75	2022-06-22 09:23:37	10	1	23.2239	-1.17506	0.001	0	20.9	60	0.998416	0.978928	0	
* 76	2022-06-22 09:25:03	10	2	7.80097	-0.337448	0.035	0.344727	21.0364	59	0.993706	0.936766	0	
* 77	2022-06-22 09:26:41	9	1	19.9423	-1.66212	0.035	0.346	21.1	59	0.993928	0.420865	0	
* 78	2022-06-22 09:28:07	9	2	11.5583	-1.68459	0.032	0.328	21.1	60	0.996353	0.125589	0	
* 79	2022-06-22 09:30:07	11	1	8.1147	-0.373541	0.048	0.471	21.1	59	0.992708	-3.03857	0	
* 80	2022-06-22 09:31:32	11	2	4.36986	-0.478295	0.048	0.471	21.1	59	0.980636	0.882391	0	
* 81	2022-06-22 09:33:17	8	1	20.2472	-6.98689	0.01	0.22	21.1	60	0.997748	0.997917	0	
* 82	2022-06-22 09:34:43	8	2	9.90083	-3.01761	0.01	0.22	21.1	59	0.997501	0.985386	0	
* 83	2022-06-22 09:36:24	7	1	28.2594	-6.8092	0.002	0.013	21.1	60	0.995608	0.976973	0	
* 84	2022-06-22 09:37:49	7	2	8.39624	-1.36013	0.01	0.231	21.1	60	0.996083	0.986219	0	
* 85	2022-06-22 09:39:24	6	1	20.7685	-3.61047	0.014	0.232	21.1	59	0.998332	0.974662	0	
* 86	2022-06-22 09:40:49	6	2	10.8961	-2.67754	0.014	0.232	21.1	59	0.997862	0.707881	0	
* 87	2022-06-22 09:42:31	5	1	33.5766	-9.3528	0.001	0.011	21.1	60	0.997174	0.99799	0	
* 88	2022-06-22 09:43:57	5	2	0	0	0.01	0.1952	21.1	60	0	0	0	
* 89	2022-06-22 09:45:46	1	1	24.8216	-2.40934	0.01	0.198	21.1	60	0.995745	-0.0852865	0	
* 90	2022-06-22 09:47:12	1	2	9.40498	-1.56483	0.021	0.302	21.1	60	0.998903	0.782292	0	
* 91	2022-06-22 09:48:57	3	1	18.903	-2.07038	0.0226364	0.305818	21.0455	59	0.994948	-0.174943	0	
* 92	2022-06-22 09:50:23	3	2	9.39473	-1.44848	0.015	0.288	21.3	60	0.9974	0.975939	0	
* 93	2022-06-22 09:52:17	2	1	34.9749	-9.48972	0.018	0.21	21.3	60	0.998181	0.998038	0	
* 94	2022-06-22 09:53:42	2	2	10.8155	-2.76784	0.017	0.211	21.3	60	0.997752	-0.0807488	0	
* 95	2022-06-22 09:55:27	4	1	18.2602	-2.45198	0.01	0.213	21.3	60	0.997771	0.680155	0	
* 96	2022-06-22 09:56:53	4	2	0	0	0.012	0.248	21.3	59	0	0	0	
